Date,Open,High,Low,Close,Volume,Change
2011-01-03,5126,5207,4939,5014,130509,-0.04239877769289535
2011-01-04,4990,5258,4978,5179,193371,0.03290785799760676
2011-01-05,5177,5309,5041,5241,179404,0.011971423054643715
2011-01-06,5262,5314,5121,5122,99407,-0.022705590536157172
2011-01-07,5070,5228,5002,5173,111331,0.009957048028113924
2011-01-10,5172,5228,5121,5128,65614,-0.008699014111734016
2011-01-11,5126,5126,5047,5048,79426,-0.015600624024960985
2011-01-12,5057,5279,4950,5282,197603,0.046354992076069745
2011-01-13,5262,5480,5190,5258,148808,-0.004543733434305142
2011-01-14,5320,5411,5177,5338,114156,0.015214910612400212
2011-01-17,5411,5633,5348,5566,278932,0.042712626451854696
2011-01-18,5576,5633,5405,5521,128035,-0.008084800574919115
2011-01-19,5491,5548,5371,5407,104113,-0.02064843325484511
2011-01-20,5463,6202,5326,6004,1216299,0.11041242833364162
2011-01-21,6003,6145,5747,5805,437494,-0.03314457028647566
2011-01-24,5832,6088,5718,5748,396305,-0.009819121447028456
2011-01-25,5917,6344,5605,5668,1211032,-0.01391788448155884
2011-01-26,5684,5889,5514,5555,385483,-0.019936485532815795
2011-01-27,5565,5803,5480,5680,481092,0.022502250225022502
2011-01-28,5678,6515,5531,5777,1590070,0.0170774647887324
2011-01-31,5656,5861,5456,5480,366303,-0.051410766833996924
2011-02-01,5480,5605,5377,5504,200851,0.004379562043795637
2011-02-07,5467,5633,5429,5429,180849,-0.013626453488372103
2011-02-08,5429,5484,5207,5207,224949,-0.040891508565113255
2011-02-09,5211,5258,4990,5026,218800,-0.034760898790090256
2011-02-10,4950,5115,4898,4951,131397,-0.014922403501790638
2011-02-11,5053,5343,4927,5179,190367,0.04605130276711766
2011-02-14,5262,5518,5190,5350,422028,0.03301795713458189
2011-02-15,5354,5548,5262,5292,427040,-0.010841121495327122
2011-02-16,5337,5337,4995,4997,290925,-0.055744520030234335
2011-02-17,5007,5207,4950,4951,164537,-0.009205523313988384
2011-02-18,4961,5075,4961,5043,65270,0.018582104625328277
2011-02-21,5024,5207,4950,5196,186357,0.030339083878643702
2011-02-22,5166,5245,5007,5185,113249,-0.0021170130869899717
2011-02-23,5177,5200,4995,5009,84803,-0.033944069431051105
2011-02-24,4933,5109,4842,4855,130933,-0.030744659612697123
2011-02-25,4871,5070,4745,5009,171436,0.031719876416065995
2011-02-28,4939,5024,4864,4872,97440,-0.02735076861649033
2011-03-02,4813,5019,4751,4770,161635,-0.020935960591133007
2011-03-03,4836,4922,4774,4821,139484,0.010691823899371178
2011-03-04,4864,4864,4762,4804,134911,-0.0035262393694254213
2011-03-07,4802,4944,4745,4804,131830,0.0
2011-03-08,4836,5149,4808,5060,333498,0.05328892589508749
2011-03-09,5115,5234,5030,5111,224545,0.010079051383399262
2011-03-10,5155,5217,4990,5009,261415,-0.019956955585990976
2011-03-11,4905,4990,4791,4797,237546,-0.04232381712916755
2011-03-14,4683,4711,4534,4564,182524,-0.048572024181780304
2011-03-15,4466,4608,4039,4201,274229,-0.07953549517966696
2011-03-16,4113,4341,4102,4303,137821,0.02427993334920253
2011-03-17,4068,4205,4011,4160,136061,-0.033232628398791486
2011-03-18,4159,4307,4159,4246,80491,0.02067307692307696
2011-03-21,4273,4591,4267,4587,134144,0.08031088082901561
2011-03-22,4614,4666,4478,4564,107166,-0.0050141704817964206
2011-03-23,4597,4785,4580,4695,147395,0.028702892199824692
2011-03-24,4779,4779,4608,4621,61655,-0.015761448349307816
2011-03-25,4711,4711,4586,4604,63331,-0.003678857390175261
2011-03-28,4603,4649,4432,4440,100817,-0.035621198957428324
2011-03-29,4369,4461,4307,4348,105947,-0.02072072072072073
2011-03-30,4381,4603,4369,4576,78279,0.05243790248390057
2011-03-31,4620,4620,4483,4542,58383,-0.007430069930069894
2011-04-01,4569,4569,4437,4502,69446,-0.008806693086745976
2011-04-04,4500,4597,4483,4495,49800,-0.001554864504664577
2011-04-05,4603,4603,4506,4542,36636,0.01045606229143492
2011-04-06,4552,4552,4420,4468,59669,-0.016292382210480016
2011-04-07,4500,4506,4403,4433,61364,-0.007833482542524584
2011-04-08,4455,4483,4358,4485,93833,0.011730205278592365
2011-04-11,4552,4574,4410,4410,140498,-0.01672240802675584
2011-04-12,4495,4495,4352,4371,45874,-0.008843537414966018
2011-04-13,4369,4381,4210,4274,79000,-0.022191718142301586
2011-04-14,4256,4774,4142,4610,427226,0.07861488067384181
2011-04-15,4774,4802,4620,4683,153303,0.015835140997830788
2011-04-18,4683,4779,4529,4553,71791,-0.0277599829169336
2011-04-19,4608,4659,4478,4570,51842,0.0037338018888644076
2011-04-20,4642,4728,4512,4632,80394,0.013566739606126976
2011-04-21,4649,5326,4625,5327,294333,0.15004317789291877
2011-04-22,5576,5974,5245,5253,1041405,-0.013891496151680172
2011-04-25,5337,5565,5109,5258,236364,0.0009518370454977276
2011-04-26,5211,5405,5143,5275,193741,0.003233168505134998
2011-04-27,5217,5394,5121,5122,169542,-0.029004739336492946
2011-04-28,5036,5115,4915,4946,167493,-0.03436157750878566
2011-04-29,5007,5036,4893,4980,71596,0.0068742418115648185
2011-05-02,5064,5320,5064,5179,111317,0.03995983935742964
2011-05-03,5314,5673,5314,5412,357722,0.044989380189225825
2011-05-04,5348,5484,5194,5378,100715,-0.006282335550628182
2011-05-06,5348,5429,5194,5207,90659,-0.031796206768315405
2011-05-09,5149,5207,4995,5009,90022,-0.03802573458805458
2011-05-11,4978,5166,4950,5009,70426,0.0
2011-05-12,4961,4995,4830,4951,76494,-0.011579157516470318
2011-05-13,4950,5292,4898,5258,90057,0.06200767521712791
2011-05-16,5258,5314,5064,5065,93555,-0.03670597185241542
2011-05-17,4985,5092,4950,5019,47567,-0.00908193484698916
2011-05-18,5053,5172,4967,4980,32377,-0.0077704722056186615
2011-05-19,5002,5030,4768,4883,79560,-0.0194779116465863
2011-05-20,4927,4927,4808,4923,47131,0.008191685439279173
2011-05-23,4836,4898,4563,4564,57833,-0.07292301442210036
2011-05-24,4580,4717,4563,4649,35470,0.018624014022787128
2011-05-25,4666,4745,4552,4587,26557,-0.013336201333620123
2011-05-26,4614,4688,4552,4593,47174,0.001308044473512071
2011-05-27,4580,4785,4574,4752,53444,0.034617896799477466
2011-05-30,4751,4785,4654,4700,28897,-0.01094276094276092
2011-05-31,4632,4717,4506,4638,45713,-0.013191489361702113
2011-06-01,4563,4659,4534,4587,47025,-0.01099611901681763
2011-06-02,4495,4580,4489,4530,48822,-0.012426422498364897
2011-06-03,4506,4683,4506,4530,20758,0.0
2011-06-07,4529,4608,4410,4410,25036,-0.026490066225165587
2011-06-08,4403,4489,4239,4325,64917,-0.019274376417233507
2011-06-09,4489,4819,4432,4645,96775,0.07398843930635834
2011-06-10,4722,4722,4444,4491,28548,-0.03315392895586655
2011-06-13,4341,4552,4324,4371,18269,-0.026720106880427474
2011-06-14,4233,4432,4233,4389,23394,0.0041180507892930596
2011-06-15,4472,4534,4358,4485,33426,0.021872863978127155
2011-06-16,4466,4512,4393,4468,16438,-0.0037904124860647093
2011-06-17,4534,4534,4364,4440,21327,-0.006266786034019645
2011-06-20,4393,4517,4352,4376,37186,-0.014414414414414378
2011-06-21,4437,4489,4386,4410,15175,0.007769652650822634
2011-06-22,4420,4523,4381,4410,27490,0.0
2011-06-23,4410,4461,4301,4393,34859,-0.003854875283446746
2011-06-24,4432,4432,4324,4382,47807,-0.00250398361028914
2011-06-27,4381,4410,4307,4337,43130,-0.010269283432222776
2011-06-28,4330,4398,4233,4235,48389,-0.023518561217431455
2011-06-29,4273,4478,4273,4440,58248,0.04840613931523019
2011-06-30,4466,4466,4352,4451,29146,0.0024774774774773967
2011-07-01,4517,4574,4478,4542,36198,0.02044484385531331
2011-07-04,4608,4734,4552,4695,60603,0.03368560105680318
2011-07-05,4694,4751,4546,4632,51772,-0.013418530351437696
2011-07-06,4632,4632,4540,4581,24630,-0.011010362694300557
2011-07-07,4523,4625,4489,4553,31828,-0.006112202575856762
2011-07-08,4586,4632,4500,4502,39804,-0.011201405666593445
2011-07-11,4427,4608,4427,4610,26260,0.023989338071968014
2011-07-12,4552,4608,4410,4519,41804,-0.019739696312364385
2011-07-13,4455,4546,4375,4382,39316,-0.030316441690639517
2011-07-14,4381,4506,4335,4423,34452,0.009356458238247267
2011-07-15,4432,4552,4420,4553,44970,0.02939181550983494
2011-07-18,4683,4688,4506,4661,71195,0.023720623764550863
2011-07-19,4694,4694,4608,4628,42082,-0.007080025745548113
2011-07-20,4666,4881,4666,4809,118372,0.03910976663785659
2011-07-21,4808,4836,4676,4735,45586,-0.015387814514452036
2011-07-22,4666,4734,4608,4718,80050,-0.0035902851108764455
2011-07-25,4637,4705,4569,4615,33259,-0.02183128444256044
2011-07-26,4637,4666,4563,4587,46553,-0.0060671722643553805
2011-07-27,4586,4762,4586,4649,53485,0.013516459559625105
2011-07-28,4597,4751,4552,4683,64967,0.007313400731340014
2011-07-29,4717,4751,4603,4621,52387,-0.013239376468076047
2011-08-01,4620,4705,4557,4628,97479,0.001514823631248552
2011-08-02,4625,4666,4523,4649,88348,0.004537597234226531
2011-08-03,4523,4728,4517,4724,99279,0.016132501613250083
2011-08-04,4785,4978,4722,4980,245276,0.05419136325148188
2011-08-05,4580,4842,4580,4735,150908,-0.04919678714859432
2011-08-08,4614,4705,4028,4149,189094,-0.12375923970432945
2011-08-09,3698,3949,3527,3836,209671,-0.07543986502771749
2011-08-10,4068,4216,4022,4097,100700,0.06803962460896762
2011-08-11,3852,4164,3783,4132,91165,0.00854283622162555
2011-08-12,4198,4415,4096,4149,99000,0.004114230396902174
2011-08-16,4244,4449,4113,4269,140446,0.028922631959508394
2011-08-17,4210,4517,4210,4416,147983,0.03443429374560791
2011-08-18,4495,4495,4239,4274,64046,-0.032155797101449224
2011-08-19,3988,4062,3874,3927,111007,-0.08118858212447355
2011-08-22,3925,4171,3828,4097,39141,0.04329004329004338
2011-08-23,4154,4176,3983,4097,45389,0.0
2011-08-24,4113,4244,4022,4126,75275,0.007078350012204027
2011-08-25,4222,4222,4039,4069,49082,-0.013814832767813812
2011-08-26,4108,4147,3932,3955,35639,-0.028016711722781973
2011-08-29,4000,4056,3908,3972,67527,0.004298356510745949
2011-08-30,3994,4079,3994,4018,42099,0.01158106747230625
2011-08-31,4045,4085,3971,4041,28603,0.005724240915878642
2011-09-01,4028,4125,4028,4075,36112,0.008413758970551743
2011-09-02,4068,4136,3971,4007,38120,-0.016687116564417126
2011-09-05,4034,4034,3817,3824,57106,-0.04567007736461193
2011-09-06,3709,3937,3704,3865,46845,0.01072175732217584
2011-09-07,3976,4011,3857,3938,35264,0.018887451487710205
2011-09-08,3937,4028,3937,3950,19692,0.003047232097511454
2011-09-09,4011,4011,3869,3961,7943,0.002784810126582382
2011-09-14,3971,3971,3606,3609,32029,-0.08886644786670028
2011-09-15,3794,3869,3653,3779,44107,0.04710446106954835
2011-09-16,3920,3920,3585,3875,35351,0.025403545911616865
2011-09-19,3908,3908,3698,3773,62866,-0.026322580645161242
2011-09-20,3800,3840,3647,3773,45536,0.0
2011-09-21,3772,3823,3698,3751,37137,-0.005830903790087438
2011-09-22,3675,3772,3568,3585,45655,-0.04425486536923484
2011-09-23,3322,3453,3197,3204,86031,-0.10627615062761508
2011-09-26,3214,3294,2930,2931,98802,-0.08520599250936334
2011-09-27,2901,3367,2901,3358,95274,0.14568406687137503
2011-09-28,3521,3794,3363,3363,135924,0.0014889815366290193
2011-09-29,3363,3470,3248,3472,45637,0.03241153731787105
2011-09-30,3442,3568,3414,3472,47892,0.0
2011-10-04,3242,3465,3242,3443,74342,-0.008352534562211966
2011-10-05,3470,3572,3322,3363,63411,-0.023235550392099902
2011-10-06,3367,3504,3367,3443,24994,0.023788284269997018
2011-10-07,3516,3534,3459,3489,34841,0.01336044147545734
2011-10-10,3544,3647,3499,3636,31549,0.042132416165090225
2011-10-11,3670,3692,3623,3682,40877,0.012651265126512712
2011-10-12,3681,3709,3623,3643,22080,-0.010592069527430747
2011-10-13,3653,3811,3555,3796,35472,0.04199835300576438
2011-10-14,3738,3794,3602,3785,29119,-0.002897787144362507
2011-10-17,3806,3886,3732,3733,34034,-0.013738441215323638
2011-10-18,3670,3687,3585,3688,29264,-0.012054647736405077
2011-10-19,3732,3738,3613,3682,26737,-0.0016268980477223138
2011-10-20,3658,3658,3431,3517,54347,-0.04481260184682234
2011-10-21,3585,3630,3431,3500,54037,-0.0048336650554450244
2011-10-24,3568,3738,3504,3716,104091,0.06171428571428561
2011-10-25,3783,4022,3726,3870,275734,0.04144241119483305
2011-10-26,3794,3949,3738,3870,45694,0.0
2011-10-27,3942,4062,3908,4029,65140,0.04108527131782935
2011-10-28,4119,4119,3988,4035,57953,0.0014892032762472418
2011-10-31,4079,4079,3862,3865,39260,-0.042131350681536506
2011-11-01,3749,3966,3749,3887,21308,0.005692108667529006
2011-11-02,3755,3840,3647,3785,29844,-0.02624131721121692
2011-11-03,3852,3852,3653,3756,50025,-0.0076618229854689135
2011-11-04,3862,3862,3772,3813,36338,0.015175718849840258
2011-11-07,3869,3874,3715,3728,49938,-0.022292158405455065
2011-11-08,3783,3783,3647,3682,44847,-0.012339055793991416
2011-11-09,3670,3772,3602,3671,24941,-0.002987506789788208
2011-11-10,3534,3561,3414,3421,50475,-0.06810133478616176
2011-11-11,3527,3585,3487,3545,19155,0.036246711487869065
2011-11-14,3544,3709,3544,3677,36930,0.03723554301833576
2011-11-15,3715,3732,3589,3648,28320,-0.007886864291542062
2011-11-16,3692,3698,3516,3517,37117,-0.03591008771929827
2011-11-17,3527,3606,3482,3609,19447,0.026158657947114028
2011-11-18,3516,3589,3487,3557,22593,-0.014408423385979474
2011-11-21,3555,3670,3555,3596,39519,0.010964295754849696
2011-11-22,3636,3709,3544,3711,48560,0.03197997775305894
2011-11-23,3726,3743,3613,3745,22852,0.009161950956615428
2011-11-24,3726,3732,3640,3654,26800,-0.024299065420560706
2011-11-25,3619,3709,3555,3665,37460,0.003010399562123789
2011-11-28,3640,3862,3640,3796,50031,0.03574351978171886
2011-11-29,3823,3903,3755,3893,47162,0.02555321390937837
2011-11-30,3903,3914,3811,3899,34604,0.0015412278448496686
2011-12-01,3983,4079,3925,4007,91838,0.027699410105155087
2011-12-02,4062,4062,3954,4018,35785,0.00274519590716249
2011-12-05,3966,4091,3966,3984,47210,-0.008461921353907442
2011-12-06,4039,4039,3794,3841,57599,-0.03589357429718876
2011-12-07,3897,3897,3732,3739,59803,-0.026555584483207495
2011-12-08,3726,3840,3658,3773,52392,0.00909334046536503
2011-12-09,3755,3886,3698,3858,61330,0.02252849191624695
2011-12-12,3869,4062,3840,4052,105988,0.05028512182477973
2011-12-13,4051,4193,3971,4069,110567,0.004195459032576565
2011-12-14,4130,4130,3954,3955,38506,-0.028016711722781973
2011-12-15,3949,3976,3806,3841,44913,-0.028824273072060702
2011-12-16,3925,4210,3914,4177,128210,0.08747721947409537
2011-12-19,4176,4222,3698,4063,137177,-0.02729231505865448
2011-12-20,4062,4523,4005,4502,159065,0.10804824021658876
2011-12-21,4722,5172,4722,4838,683484,0.07463349622390059
2011-12-22,4836,5092,4751,5088,330839,0.05167424555601485
2011-12-23,5121,5439,5121,5224,351229,0.02672955974842761
2011-12-26,5377,5377,5053,5179,198951,-0.008614088820826926
2011-12-27,5160,5207,5007,5122,166419,-0.011005985711527333
2011-12-28,5177,5889,5149,5891,687446,0.15013666536509174
2011-12-29,5889,6174,5718,5947,300102,0.00950602614157181
2012-01-02,6031,6031,5684,5891,150448,-0.009416512527324672
2012-01-03,5861,6230,5775,6175,459228,0.04820913257511461
2012-01-04,6315,6401,6059,6062,232269,-0.01829959514170043
2012-01-05,5917,6914,5889,6886,530958,0.13592873639063008
2012-01-06,6800,7198,6658,6972,292176,0.012489108335753674
2012-01-09,6970,7140,6686,7000,167197,0.004016064257028162
2012-01-10,7055,7055,6714,6914,176177,-0.012285714285714233
2012-01-11,6856,6914,6031,6260,609642,-0.0945906855655192
2012-01-12,6430,6572,6288,6318,167537,0.009265175718849772
2012-01-13,6202,6458,6003,6431,255317,0.01788540677429573
2012-01-16,6401,6828,6373,6516,252785,0.013217229046804446
2012-01-17,6486,6686,6373,6431,131383,-0.013044812768569725
2012-01-18,6458,6458,6259,6374,105706,-0.008863318301974843
2012-01-19,6315,6401,6059,6062,199721,-0.048948854722309365
2012-01-20,6059,6117,5718,5947,294363,-0.01897063675354671
2012-01-25,5946,6202,5832,5833,96155,-0.019169329073482455
2012-01-26,5889,5946,5565,5777,219456,-0.009600548602777259
2012-01-27,5775,5832,5565,5833,153675,0.009693612601696433
2012-01-30,5917,6373,5861,6232,418323,0.0684039087947883
2012-01-31,6344,6544,5974,6117,145371,-0.018453145057766407
2012-02-01,6174,6288,5917,6089,244220,-0.004577407225764274
2012-02-02,6145,6174,5889,5919,143349,-0.027919198554770874
2012-02-03,5946,6003,5678,5691,158463,-0.03852002027369483
2012-02-06,5747,5832,5633,5691,171179,0.0
2012-02-07,5690,6031,5661,5976,118115,0.05007907221929364
2012-02-08,6059,6658,5917,6260,589279,0.047523427041499255
2012-02-09,6288,6600,6003,6488,277959,0.03642172523961662
2012-02-10,6430,6686,6344,6602,292600,0.017570900123304645
2012-02-13,6544,6686,6430,6602,136982,0.0
2012-02-14,6999,6999,6629,6658,414002,0.008482278097546203
2012-02-15,6743,6856,6515,6858,255984,0.03003905076599578
2012-02-16,6856,7539,6800,7029,1144322,0.02493438320209984
2012-02-17,7397,8080,7227,8082,1507870,0.1498079385403328
2012-02-20,8536,8706,8080,8224,1321060,0.017569908438505255
2012-02-21,8308,8393,7882,8394,620297,0.02067120622568086
2012-02-22,8279,8393,8108,8138,272806,-0.03049797474386462
2012-02-23,7937,8279,7796,7967,364786,-0.021012533792086563
2012-02-24,7967,8279,7796,8082,249653,0.014434542487762103
2012-02-27,7909,8052,7511,7626,312552,-0.05642167780252416
2012-02-28,7568,7796,7369,7684,219943,0.007605559926566974
2012-02-29,7739,7937,7596,7769,232254,0.01106194690265494
2012-03-02,7767,8052,7426,7626,384696,-0.018406487321405596
2012-03-05,7625,7710,7397,7455,152328,-0.022423288749016557
2012-03-06,7454,7967,7369,7967,304579,0.06867873910127442
2012-03-07,7767,8080,7739,7940,380141,-0.0033889795406050194
2012-03-08,7909,7995,7796,7940,170585,0.0
2012-03-09,8023,8450,7967,8196,490988,0.03224181360201506
2012-03-12,8193,8365,7995,8138,172098,-0.007076622742801408
2012-03-13,8166,8308,7796,8053,160386,-0.010444826738756463
2012-03-14,8080,8166,7852,7967,102246,-0.01067924996895564
2012-03-15,7796,8052,7539,7940,232260,-0.0033889795406050194
2012-03-16,8023,8137,7882,7967,200055,0.0034005037783375602
2012-03-19,7909,8023,7710,7854,113317,-0.014183506966235715
2012-03-20,7882,7967,7568,7626,154280,-0.029029793735676046
2012-03-21,7625,7739,7483,7513,99943,-0.014817728822449472
2012-03-22,7596,7767,7454,7513,136684,0.0
2012-03-23,7539,7596,7085,7370,196012,-0.019033674963396807
2012-03-26,7426,7454,7140,7199,85722,-0.023202170963364965
2012-03-27,7227,7283,6999,7170,94982,-0.004028337269065152
2012-03-28,7112,7511,7112,7455,101734,0.03974895397489542
2012-03-29,7397,7426,7170,7256,75613,-0.02669349429912815
2012-03-30,7283,7796,7227,7513,254980,0.03541896361631758
2012-04-02,7596,7995,7341,7995,321512,0.06415546386263804
2012-04-03,8108,8108,7796,8053,235385,0.007254534083802389
2012-04-04,7882,7937,7454,7513,250804,-0.067055755619024
2012-04-05,7312,7767,7283,7684,156899,0.02276054838280306
2012-04-06,7653,7653,7369,7399,126155,-0.03709005726184278
2012-04-09,7283,7568,6600,6687,213964,-0.09622922016488711
2012-04-10,6629,6999,6629,6716,136716,0.004336772842829406
2012-04-12,6743,6970,6600,6801,83026,0.012656343061345998
2012-04-13,6885,7085,6828,7057,73668,0.03764152330539616
2012-04-16,6999,6999,6771,6772,98486,-0.04038543290350005
2012-04-17,6743,6800,6486,6545,170805,-0.03352037802717067
2012-04-18,6658,6743,6458,6658,115174,0.017265087853323147
2012-04-19,6572,6629,6458,6545,52252,-0.016972063682787586
2012-04-20,6458,6743,6458,6658,75674,0.017265087853323147
2012-04-23,6714,6714,6401,6403,78272,-0.038299789726644606
2012-04-24,6401,6544,6174,6403,71486,0.0
2012-04-25,6401,6515,5974,6004,172976,-0.06231454005934722
2012-04-26,6031,6202,5832,5862,92893,-0.023650899400399772
2012-04-27,5917,6259,5690,6260,107367,0.06789491641078138
2012-04-30,6259,6515,6259,6488,64664,0.03642172523961662
2012-05-02,6486,6629,6344,6573,57923,0.01310110974106049
2012-05-03,6544,6600,6401,6403,43941,-0.02586338049596837
2012-05-04,6401,6629,6288,6630,49397,0.035452131813212606
2012-05-07,6458,6686,6288,6346,74257,-0.042835595776772206
2012-05-08,6401,6828,6344,6716,107526,0.05830444374409072
2012-05-09,6658,6914,6658,6772,77823,0.008338296605122197
2012-05-10,6743,6914,6743,6829,46988,0.00841701122268157
2012-05-11,6828,7397,6828,7115,280971,0.041880216722799846
2012-05-14,7055,7625,7055,7115,228400,0.0
2012-05-15,6999,7170,6743,7143,153387,0.003935347856640847
2012-05-16,7198,7198,6600,6716,121321,-0.05977880442391148
2012-05-17,6629,6999,6572,6972,109165,0.03811792733770103
2012-05-18,6771,7170,6458,6602,419323,-0.05306942053930008
2012-05-21,6544,6771,6088,6175,227850,-0.06467737049378974
2012-05-22,6288,6544,6059,6488,387947,0.05068825910931185
2012-05-23,6430,6458,6202,6260,138836,-0.03514180024660918
2012-05-24,6202,6373,6174,6232,75095,-0.004472843450479269
2012-05-25,6202,6458,6174,6288,84542,0.00898587933247752
2012-05-29,6373,6373,6174,6232,79144,-0.008905852417302795
2012-05-30,6288,6629,6259,6630,152426,0.06386392811296537
2012-05-31,6515,6515,6373,6431,83171,-0.03001508295625943
2012-06-01,6458,6658,6430,6460,78939,0.004509407557145018
2012-06-04,6117,6230,5861,5891,110998,-0.08808049535603713
2012-06-05,6003,6031,5889,5891,54342,0.0
2012-06-07,6088,6344,6031,6175,76567,0.04820913257511461
2012-06-08,6259,6288,6031,6203,56004,0.004534412955465639
2012-06-11,6373,6401,6230,6318,66940,0.018539416411413878
2012-06-12,6259,6430,6174,6260,58399,-0.009180120291231386
2012-06-13,6373,6600,6315,6488,139009,0.03642172523961662
2012-06-14,6600,6914,6515,6772,351940,0.043773119605425403
2012-06-15,6828,6885,6658,6687,166273,-0.012551683402244551
2012-06-18,6942,6942,6714,6858,175317,0.025572005383580176
2012-06-19,6885,6914,6600,6602,96673,-0.03732866724992712
2012-06-20,6743,6800,6629,6801,63675,0.03014238109663747
2012-06-21,6686,7085,6686,6886,168004,0.012498162034994875
2012-06-22,6743,6856,6686,6829,66752,-0.008277664827185616
2012-06-25,6828,6942,6714,6716,61084,-0.016547078635232082
2012-06-26,6686,6800,6629,6658,41396,-0.008636092912447935
2012-06-27,6658,6714,6515,6602,61756,-0.008410934214478805
2012-06-28,6658,6970,6658,6858,134031,0.03877612844592537
2012-06-29,6970,6970,6743,6886,106761,0.00408282298046081
2012-07-02,6970,6970,6743,6829,67969,-0.008277664827185616
2012-07-03,6771,7312,6771,7256,345970,0.0625274564357885
2012-07-04,7227,7341,7112,7228,107370,-0.0038588754134509795
2012-07-05,7227,7283,7085,7115,123538,-0.01563364692861091
2012-07-06,7140,7539,7055,7427,303326,0.04385101897399868
2012-07-09,7426,7653,7283,7341,209405,-0.011579372559579859
2012-07-10,7397,7710,7255,7626,284303,0.03882304863097663
2012-07-11,7625,7739,7454,7455,138240,-0.022423288749016557
2012-07-12,7454,7568,7227,7341,116316,-0.01529175050301812
2012-07-13,7312,7341,6885,7115,162389,-0.0307859964582482
2012-07-16,7283,7397,7170,7341,78530,0.03176387912860146
2012-07-17,7369,7369,7112,7115,67577,-0.0307859964582482
2012-07-18,7170,7198,6686,6801,146730,-0.044132115249472914
2012-07-19,6856,6914,6572,6801,145202,0.0
2012-07-20,6828,6828,6658,6716,58349,-0.012498162034994875
2012-07-23,6686,6686,6344,6460,76784,-0.03811792733770103
2012-07-24,6315,6430,6202,6346,71342,-0.01764705882352946
2012-07-25,6230,6373,6174,6232,52385,-0.017964071856287456
2012-07-26,6230,6344,6174,6346,45448,0.018292682926829285
2012-07-27,6458,6771,6373,6460,139964,0.017964071856287456
2012-07-30,6515,6544,6288,6288,53389,-0.026625386996903977
2012-07-31,6259,6430,6259,6374,38207,0.013676844783715003
2012-08-01,6373,6458,6288,6431,26644,0.008942579228114145
2012-08-02,6430,6458,6230,6260,41753,-0.026589954905924418
2012-08-03,6230,6288,6145,6232,31650,-0.004472843450479269
2012-08-06,6288,6486,6288,6488,61722,0.04107830551989733
2012-08-07,6515,6544,6401,6516,21977,0.004315659679408057
2012-08-08,6486,6800,6486,6545,99602,0.004450583179864909
2012-08-09,6600,6658,6458,6545,29668,0.0
2012-08-10,6486,6658,6486,6602,30244,0.008708938120702836
2012-08-13,6572,6800,6515,6687,50955,0.012874886398061225
2012-08-14,6743,6828,6629,6687,67024,0.0
2012-08-16,6658,6658,6515,6602,56377,-0.012711230746224045
2012-08-17,6572,6686,6401,6488,87021,-0.017267494698576136
2012-08-20,6544,6600,6259,6288,100454,-0.03082614056720101
2012-08-21,6259,6544,6202,6488,186865,0.03180661577608146
2012-08-22,6401,6458,6230,6288,100213,-0.03082614056720101
2012-08-23,6315,6572,6288,6516,150947,0.03625954198473291
2012-08-24,6544,6771,6486,6545,110152,0.004450583179864909
2012-08-27,6572,6771,6486,6687,137869,0.021695951107715716
2012-08-28,6743,6771,6629,6687,53753,0.0
2012-08-29,6572,6686,6515,6602,77892,-0.012711230746224045
2012-08-30,6572,6629,6401,6488,107632,-0.017267494698576136
2012-08-31,6458,7027,6458,6914,259909,0.0656596794081381
2012-09-03,6942,7255,6856,6972,229013,0.008388776395718889
2012-09-04,7055,7170,6942,7057,154718,0.012191623637406668
2012-09-05,7055,7140,6970,7057,107292,0.0
2012-09-06,7227,7596,7085,7115,461649,0.00821878985404556
2012-09-07,7227,7227,6856,7029,229053,-0.012087139845397
2012-09-10,6970,7085,6828,7057,130740,0.003983496941243336
2012-09-11,7085,7170,6999,7085,113098,0.003967691653677274
2012-09-12,7112,7255,6999,7256,143155,0.024135497529993
2012-09-13,7255,7255,6970,7029,126556,-0.031284454244763005
2012-09-14,7112,7140,6885,6944,134939,-0.012092758571631834
2012-09-17,6999,7112,6942,6972,84382,0.0040322580645162365
2012-09-18,6942,7227,6942,7199,199967,0.032558806655192285
2012-09-19,7170,7198,7027,7085,108536,-0.015835532712876743
2012-09-20,7140,7483,7140,7370,408639,0.04022582921665485
2012-09-21,7369,7568,7255,7541,221332,0.023202170963364965
2012-09-24,7511,7539,7140,7256,225085,-0.037793396101312826
2012-09-25,7198,7454,7170,7399,226846,0.019707828004410066
2012-09-26,7369,7596,6970,7029,300933,-0.05000675766995544
2012-09-27,7027,7170,6970,7085,153635,0.007966993882486895
2012-09-28,7140,7227,7055,7170,56797,0.011997177134791759
2012-10-02,7170,7255,7085,7085,49711,-0.011854951185495066
2012-10-04,7055,7170,6970,7115,84687,0.004234297812279353
2012-10-05,7085,7198,6999,7085,83874,-0.0042164441321153046
2012-10-08,7055,7055,6914,7000,96773,-0.011997177134791759
2012-10-09,6914,7140,6914,7057,71098,0.00814285714285723
2012-10-10,6942,6999,6828,6858,72775,-0.028198951395777216
2012-10-11,6885,6914,6714,6801,83047,-0.008311461067366577
2012-10-12,6771,6942,6743,6829,58696,0.004117041611527705
2012-10-15,6856,6942,6600,6829,129861,0.0
2012-10-16,6828,6856,6686,6772,58477,-0.008346756479718831
2012-10-17,6914,7312,6828,7313,340754,0.07988777318369755
2012-10-18,7283,7369,7140,7285,147043,-0.003828798030903857
2012-10-19,7369,7596,7140,7598,313679,0.042964996568291
2012-10-22,7511,7852,7341,7797,315112,0.026191102921821585
2012-10-23,7767,7882,7625,7797,154846,0.0
2012-10-24,7681,7796,7369,7455,224944,-0.04386302424009236
2012-10-25,7483,7967,7397,7967,431702,0.06867873910127442
2012-10-26,7909,8023,7596,7854,380248,-0.014183506966235715
2012-10-29,7882,8023,7369,7541,207752,-0.03985230455818689
2012-10-30,7511,7739,7397,7684,105867,0.018963002254342998
2012-10-31,7653,8193,7596,8053,456377,0.048021863612701665
2012-11-01,8023,8108,7852,8110,161871,0.00707810753756366
2012-11-02,8166,8193,7967,7995,155484,-0.014180024660912505
2012-11-05,7967,8308,7882,8138,252703,0.01788617886178856
2012-11-06,8166,8507,7852,7910,757480,-0.028016711722781973
2012-11-07,7967,8023,7739,7882,230309,-0.0035398230088495852
2012-11-08,7796,8166,7710,8082,191355,0.025374270489723516
2012-11-09,8023,8052,7796,7995,169554,-0.010764662212323639
2012-11-12,7909,8336,7653,8338,502817,0.04290181363352086
2012-11-13,8336,8422,8052,8110,224172,-0.027344686975293797
2012-11-14,8108,8251,7909,8110,157818,0.0
2012-11-15,7995,7995,7369,7399,346320,-0.08766954377311964
2012-11-16,7397,7511,7027,7057,259663,-0.04622246249493178
2012-11-19,7170,7369,7140,7370,103020,0.044353124557177326
2012-11-20,7454,7454,7027,7170,197346,-0.027137042062415184
2012-11-21,7170,7341,7027,7228,124573,0.008089260808926024
2012-11-22,7170,7341,7170,7285,96307,0.007885998893193191
2012-11-23,7312,7596,7255,7541,178961,0.03514070006863412
2012-11-26,7539,7568,7369,7427,82781,-0.015117358440525086
2012-11-27,7426,7426,7112,7115,125478,-0.042008886495220166
2012-11-28,7112,7227,6999,7029,82256,-0.012087139845397
2012-11-29,7112,7227,7055,7228,53098,0.028311281832408497
2012-11-30,7227,7283,7140,7199,39358,-0.00401217487548422
2012-12-03,7198,7198,6999,7057,61521,-0.019724961800250074
2012-12-04,7055,7227,7055,7199,67082,0.020121864815077162
2012-12-05,7140,7198,7027,7143,78365,-0.007778858174746439
2012-12-06,7227,7227,6800,6944,95947,-0.02785944281114383
2012-12-07,6942,7055,6771,6801,98372,-0.0205933179723502
2012-12-10,6885,6970,6771,6944,68085,0.021026319658873804
2012-12-11,6970,7140,6828,6914,86796,-0.004320276497695841
2012-12-12,6914,6970,6800,6858,46175,-0.008099508244142295
2012-12-13,6856,7085,6828,7057,64707,0.02901720618256043
2012-12-14,7085,7198,6942,7170,56800,0.01601246988805438
2012-12-17,7112,7227,6942,7000,62190,-0.023709902370990243
2012-12-18,7027,7027,6856,6858,56149,-0.02028571428571424
2012-12-20,6800,6942,6800,6829,63894,-0.004228638086905767
2012-12-21,6828,6914,6658,6658,68091,-0.025040269439156493
2012-12-24,6600,6828,6600,6687,80271,0.0043556623610694345
2012-12-26,6714,6771,6629,6658,59263,-0.004336772842829406
2012-12-27,6658,6942,6572,6914,74866,0.038449984980474694
2012-12-28,6914,6942,6771,6829,40606,-0.01229389644200174
2013-01-02,6914,6942,6856,6858,30241,0.00424659540196215
2013-01-03,6914,7255,6914,7199,169838,0.04972295129775439
2013-01-04,7227,7312,7085,7313,77697,0.015835532712876743
2013-01-07,7341,7483,7198,7399,149303,0.011759879666347617
2013-01-08,7397,7454,7312,7399,68946,0.0
2013-01-09,7369,7596,7341,7569,139042,0.022976077848357868
2013-01-10,7596,7824,7568,7569,160716,0.0
2013-01-11,7625,8023,7625,7825,335534,0.033822169375082645
2013-01-14,7852,7852,7511,7513,99773,-0.03987220447284345
2013-01-15,7568,7681,7397,7484,71626,-0.0038599760415279905
2013-01-16,7483,7710,7454,7484,71880,0.0
2013-01-17,7511,7539,7426,7455,32187,-0.003874933190807006
2013-01-18,7511,7625,7454,7598,45483,0.01918175720992621
2013-01-21,7625,7625,7454,7455,49166,-0.018820742300605375
2013-01-22,7483,7539,7397,7541,40284,0.01153588195841726
2013-01-23,7596,7739,7568,7569,89931,0.0037130354064447424
2013-01-24,7539,7596,7397,7455,58726,-0.015061434799841456
2013-01-25,7511,7511,7198,7228,78549,-0.03044936284372901
2013-01-28,7255,7283,6970,6972,78114,-0.035417819590481514
2013-01-29,6999,7112,6942,7000,31923,0.004016064257028162
2013-01-30,7112,7198,6914,7000,72159,0.0
2013-01-31,7027,7055,6914,7000,35086,0.0
2013-02-01,7027,7055,6856,7000,44527,0.0
2013-02-04,6970,7055,6914,6972,36622,-0.0040000000000000036
2013-02-05,6942,7027,6885,6944,24739,-0.004016064257028162
2013-02-06,6970,7085,6914,7029,25450,0.012240783410138345
2013-02-07,7027,7085,6914,7057,29700,0.003983496941243336
2013-02-08,7055,7198,7027,7199,29489,0.020121864815077162
2013-02-12,7198,7255,7055,7085,34275,-0.015835532712876743
2013-02-13,7112,7227,7085,7143,29890,0.008186309103740186
2013-02-14,7140,7283,7140,7285,42962,0.019879602407951946
2013-02-15,7283,7483,7283,7370,78497,0.011667810569663706
2013-02-18,7369,7397,7198,7256,47483,-0.01546811397557668
2013-02-19,7283,8222,7283,7940,1141529,0.0942668136714444
2013-02-20,7967,7995,7625,7854,444078,-0.010831234256927003
2013-02-21,7796,7995,7653,7740,254985,-0.014514896867838023
2013-02-22,7767,7882,7539,7684,218354,-0.007235142118863003
2013-02-25,7767,8222,7710,8138,622386,0.059083810515356605
2013-02-26,8023,8193,7995,8167,183730,0.003563529122634579
2013-02-27,8222,8308,8052,8138,178514,-0.0035508754744704163
2013-02-28,8251,8564,8222,8252,429713,0.014008355861391042
2013-03-04,8279,8279,8108,8196,103063,-0.0067862336403295975
2013-03-05,8251,8251,7909,7967,233470,-0.02794045876037088
2013-03-06,8023,8166,7909,8082,148322,0.014434542487762103
2013-03-07,8080,8507,8023,8394,458691,0.038604305864884836
2013-03-08,8393,8393,8137,8138,203855,-0.03049797474386462
2013-03-11,8080,8137,7681,8025,358761,-0.013885475546817405
2013-03-12,7967,8108,7882,8025,206099,0.0
2013-03-13,8023,8108,7937,7967,154608,-0.007227414330218118
2013-03-14,7995,8080,7882,8025,160324,0.007280030124262593
2013-03-15,8052,8336,8023,8196,299579,0.021308411214953304
2013-03-18,8222,8507,8166,8366,391494,0.020741825280624626
2013-03-19,8393,8507,8222,8224,225360,-0.0169734640210375
2013-03-20,8193,8193,7796,7797,279382,-0.05192120622568097
2013-03-21,7852,7995,7767,7825,133741,0.0035911247915865196
2013-03-22,7796,7967,7739,7740,95131,-0.010862619808306717
2013-03-25,7739,8080,7681,8082,195208,0.04418604651162794
2013-03-26,8052,8166,7937,8025,118642,-0.007052709725315465
2013-03-27,8193,8193,7937,7940,216676,-0.010591900311526459
2013-03-28,7909,8080,7882,7910,101625,-0.0037783375314861534
2013-03-29,7909,8222,7882,8167,265532,0.03249051833122629
2013-04-01,8137,8279,8023,8167,201927,0.0
2013-04-02,8137,8222,7909,7995,158615,-0.021060364883065952
2013-04-03,8108,8536,7995,8451,609067,0.057035647279549684
2013-04-04,8393,9332,8308,9191,1218367,0.08756360194059876
2013-04-05,9219,9446,9076,9277,478659,0.00935697965400939
2013-04-08,9275,9446,8877,9021,265578,-0.027595127735259295
2013-04-09,8990,9161,8592,8822,378846,-0.02205963862099547
2013-04-10,8990,9332,8963,9277,430142,0.051575606438449384
2013-04-11,9332,9559,9105,9561,345968,0.03061334483130329
2013-04-12,9559,9674,9361,9362,255535,-0.02081372241397339
2013-04-15,9304,9845,9246,9760,327376,0.04251228370006399
2013-04-16,9589,9873,9531,9789,201904,0.0029713114754097436
2013-04-17,9873,9873,9332,9419,308593,-0.03779752783736845
2013-04-18,9361,9446,9219,9333,149063,-0.009130480942775243
2013-04-19,9332,9674,9275,9589,214362,0.027429551055394796
2013-04-22,9702,9730,9474,9476,195311,-0.011784336218583769
2013-04-23,9503,10015,9418,9903,414774,0.04506120726044749
2013-04-24,9901,9987,9760,9988,166868,0.008583257598707483
2013-04-25,9958,9958,9617,9647,173627,-0.03414096916299558
2013-04-26,9674,9760,9503,9703,149681,0.005804913444594106
2013-04-29,9787,9815,9559,9703,134407,0.0
2013-04-30,9760,9815,9503,9561,143411,-0.014634649077604811
2013-05-02,9617,9987,9589,9618,270631,0.005961719485409578
2013-05-03,9730,9815,9446,9504,166397,-0.011852776044915747
2013-05-06,9674,9702,9304,9419,146225,-0.008943602693602726
2013-05-07,9474,9503,8592,8993,490163,-0.04522773118165413
2013-05-08,8963,9304,8905,9220,264833,0.025241854775936767
2013-05-09,9275,9304,8877,9048,264406,-0.018655097613882843
2013-05-10,9076,9246,8963,9220,98829,0.019009725906277586
2013-05-13,9361,9531,8963,8963,200658,-0.027874186550976177
2013-05-14,9161,9161,8649,8935,163066,-0.0031239540332478333
2013-05-15,8877,9105,8763,9106,107758,0.019138220481253576
2013-05-16,9105,9133,8905,8907,59782,-0.02185372282011855
2013-05-20,9048,9389,8963,9362,215479,0.05108341753676893
2013-05-21,9361,9531,9105,9277,326006,-0.009079256569109129
2013-05-22,9332,9361,9161,9220,205892,-0.006144227659803825
2013-05-23,9190,9219,8649,8679,442890,-0.058676789587852496
2013-05-24,8649,8678,8393,8451,359346,-0.026270307639128965
2013-05-27,8536,8820,8507,8822,151565,0.04390013016211092
2013-05-28,8848,8905,8592,8822,130447,0.0
2013-05-29,8877,8905,8734,8822,83350,0.0
2013-05-30,8763,8877,8734,8878,73379,0.006347766946270594
2013-05-31,8990,8990,8678,8764,93476,-0.012840729894120329
2013-06-03,8706,8763,8365,8394,112658,-0.04221816522136013
2013-06-04,8422,8478,7909,8082,218931,-0.037169406719085085
2013-06-05,8137,8251,7967,8082,99686,0.0
2013-06-07,8108,8251,7681,7797,144815,-0.035263548626577546
2013-06-10,7852,7937,7710,7740,167264,-0.007310504040015431
2013-06-11,7710,8023,7681,8025,96931,0.036821705426356655
2013-06-12,7967,8080,7852,7910,70133,-0.01433021806853585
2013-06-13,7882,7995,7710,7910,77289,0.0
2013-06-14,8023,8023,7681,7797,58335,-0.014285714285714235
2013-06-17,7852,7852,7140,7341,191255,-0.058484032320123114
2013-06-18,7426,7568,7341,7541,87897,0.027244244653316985
2013-06-19,7568,7568,7255,7256,84417,-0.037793396101312826
2013-06-20,7085,7341,6856,6944,182933,-0.04299889746416763
2013-06-21,6658,7967,6515,7967,752870,0.1473214285714286
2013-06-24,7852,8678,7739,7740,814155,-0.028492531693234624
2013-06-25,7767,8166,7511,7626,416756,-0.014728682170542684
2013-06-26,7852,8422,7796,8281,549258,0.08589037503278263
2013-06-27,8336,8820,8308,8651,442986,0.04468059413114367
2013-06-28,8734,8763,8365,8594,193304,-0.006588833660848503
2013-07-01,8621,8792,8450,8679,170549,0.009890621363742191
2013-07-02,8678,8706,8279,8451,145172,-0.026270307639128965
2013-07-03,8450,8734,8308,8394,135831,-0.006744763933262288
2013-07-04,8336,8450,7967,8338,170438,-0.006671431975220354
2013-07-05,8336,8393,7882,7882,215304,-0.054689373950587705
2013-07-08,7824,8023,7681,7995,140797,0.014336462826693763
2013-07-09,8108,8108,7882,8082,88152,0.010881801125703472
2013-07-10,7995,8279,7967,8025,101960,-0.007052709725315465
2013-07-11,8052,8365,8052,8309,99389,0.03538940809968838
2013-07-12,8422,8621,8308,8451,134620,0.017089902515344813
2013-07-15,8478,8507,8166,8451,79009,0.0
2013-07-16,8478,8507,8308,8366,58683,-0.010057981303987718
2013-07-17,8308,9275,8308,8822,674540,0.05450633516614878
2013-07-18,8820,8905,8678,8764,137324,-0.006574472908637552
2013-07-19,8820,8934,8621,8764,101240,0.0
2013-07-22,8820,8963,8678,8822,111097,0.006617982656321297
2013-07-23,8905,8934,8763,8878,103588,0.006347766946270594
2013-07-24,8877,8877,8649,8651,94904,-0.02556882180671327
2013-07-25,8649,8706,8536,8622,77243,-0.00335221361692295
2013-07-26,8621,8649,8507,8594,40856,-0.0032475063790303738
2013-07-29,8592,8763,8393,8394,61611,-0.023272050267628575
2013-07-30,8365,8592,8193,8594,65962,0.023826542768644376
2013-07-31,8649,8649,8450,8508,42855,-0.01000698161508029
2013-08-01,8592,8592,8393,8480,78726,-0.0032910202162670377
2013-08-02,8478,8564,8251,8309,87596,-0.020165094339622658
2013-08-05,8365,8450,8193,8394,74588,0.010229871223973896
2013-08-06,8393,8877,8393,8792,1235553,0.047414820109602074
2013-08-07,8536,8536,7967,8082,1172591,-0.08075523202911739
2013-08-08,8052,8137,7909,7940,306856,-0.017569908438505366
2013-08-09,7937,7995,7568,7626,342956,-0.039546599496221635
2013-08-12,7681,7824,7483,7484,183320,-0.01862050878573307
2013-08-13,7511,7625,7397,7513,150663,0.003874933190807006
2013-08-14,7539,7739,7483,7740,154858,0.030214295221615783
2013-08-16,7596,7653,7369,7655,149621,-0.010981912144702788
2013-08-19,7739,7739,7596,7655,102544,0.0
2013-08-20,7596,7824,7397,7399,147487,-0.03344219464402354
2013-08-21,7397,7568,7283,7313,120953,-0.011623192323286902
2013-08-22,7227,7312,7027,7143,80813,-0.02324627375905919
2013-08-23,7283,7426,7170,7341,87239,0.027719445611087856
2013-08-26,7397,7681,7341,7684,76333,0.046723879580438554
2013-08-27,7739,7767,7454,7455,121056,-0.02980218636127019
2013-08-28,7227,7341,7170,7285,93711,-0.02280348759221995
2013-08-29,7227,7483,7227,7285,92711,0.0
2013-08-30,7369,7710,7283,7399,220307,0.01564859299931376
2013-09-02,7511,7653,7426,7569,81913,0.022976077848357868
2013-09-03,7653,7681,7539,7598,68387,0.003831417624521105
2013-09-04,7596,7796,7511,7569,94137,-0.003816793893129722
2013-09-05,7596,7653,7454,7484,47795,-0.01123001717532035
2013-09-06,7483,7568,7255,7341,63892,-0.019107429182255498
2013-09-09,7341,7596,7312,7484,65217,0.01947963492712157
2013-09-10,7625,7681,7454,7455,65206,-0.003874933190807006
2013-09-11,7568,7596,7426,7569,55358,0.01529175050301812
2013-09-12,7539,7681,7511,7569,68037,0.0
2013-09-13,7568,7596,7454,7484,47927,-0.01123001717532035
2013-09-16,7454,7596,7426,7455,43382,-0.003874933190807006
2013-09-17,7454,7539,7341,7341,53566,-0.01529175050301812
2013-09-23,7483,7625,7397,7513,81067,0.02343005040185253
2013-09-24,7539,7681,7454,7484,63697,-0.0038599760415279905
2013-09-25,7426,7539,7426,7455,52229,-0.003874933190807006
2013-09-26,7539,7882,7511,7626,271981,0.02293762575452707
2013-09-27,7653,7767,7653,7740,69124,0.014948859166010964
2013-09-30,7767,7796,7596,7655,61699,-0.010981912144702788
2013-10-01,7625,7710,7312,7484,61228,-0.02233834095362508
2013-10-02,7568,7796,7511,7769,122461,0.038081239978621007
2013-10-04,7710,7824,7596,7769,82445,0.0
2013-10-07,7852,8023,7653,7740,166343,-0.003732784142103207
2013-10-08,7710,7852,7625,7740,68676,0.0
2013-10-10,7824,8052,7625,7684,202469,-0.007235142118863003
2013-10-11,7625,7824,7625,7626,143273,-0.007548152004164477
2013-10-14,7710,7710,7454,7484,73314,-0.01862050878573307
2013-10-15,7483,7852,7483,7854,108219,0.04943880277926249
2013-10-16,7882,7967,7397,7769,300573,-0.010822510822510845
2013-10-17,7937,7937,7568,7569,145113,-0.025743338911056735
2013-10-18,7568,7625,7483,7598,62774,0.003831417624521105
2013-10-21,7796,7824,7625,7684,111942,0.011318768096867604
2013-10-22,7625,7796,7596,7684,61085,0.0
2013-10-23,7681,7710,7483,7541,103818,-0.018610098906819417
2013-10-24,7596,7681,7511,7598,66260,0.007558679220262654
2013-10-25,7653,7681,7511,7569,57225,-0.003816793893129722
2013-10-28,7539,7596,7397,7399,88703,-0.022460034350640812
2013-10-29,7369,7454,7227,7228,127703,-0.023111231247465835
2013-10-30,7255,7454,7140,7341,93070,0.01563364692861091
2013-10-31,7312,7483,7227,7399,58801,0.007900830949461923
2013-11-01,7511,7596,7397,7484,64702,0.011488038924178934
2013-11-04,7454,7511,7341,7370,43154,-0.01523249599144838
2013-11-05,7397,7511,7170,7256,100722,-0.01546811397557668
2013-11-06,7227,7739,7227,7626,352267,0.05099228224917307
2013-11-07,7625,7710,7454,7626,111671,0.0
2013-11-08,7483,7596,7198,7285,105137,-0.04471544715447151
2013-11-11,7312,7341,6914,7000,124001,-0.03912148249828418
2013-11-12,6856,7112,6856,6944,59882,-0.008000000000000007
2013-11-13,6914,6999,6600,6602,117066,-0.04925115207373276
2013-11-14,6714,6885,6629,6829,72651,0.03438352014541057
2013-11-15,6828,7341,6828,7228,149093,0.05842729535803182
2013-11-18,7255,7426,7112,7115,65509,-0.01563364692861091
2013-11-19,7198,7227,7085,7199,33567,0.011806043569922764
2013-11-20,7198,7255,7085,7143,38953,-0.007778858174746439
2013-11-21,7170,7170,6970,7085,42128,-0.00811983760324797
2013-11-22,7170,7227,6999,7143,43929,0.008186309103740186
2013-11-25,7112,7255,7055,7143,39503,0.0
2013-11-26,7227,7227,7112,7228,21857,0.01189976200475984
2013-11-27,7198,7341,7112,7143,44164,-0.011759822910902051
2013-11-28,7255,7255,7055,7143,52238,0.0
2013-11-29,7085,7227,6999,7228,76735,0.01189976200475984
2013-12-02,7198,7227,6942,6944,47616,-0.039291643608190374
2013-12-03,6885,6970,6486,6602,116321,-0.04925115207373276
2013-12-04,6486,6743,6486,6602,55218,0.0
2013-12-05,6572,6771,6572,6744,51428,0.02150863374734935
2013-12-06,6714,6828,6572,6602,44655,-0.021055753262158916
2013-12-09,6629,6743,6515,6687,35539,0.012874886398061225
2013-12-10,6686,6686,6458,6658,52489,-0.004336772842829406
2013-12-11,6658,6714,6486,6545,56573,-0.016972063682787586
2013-12-12,6458,6572,6373,6374,46302,-0.026126814362108508
2013-12-13,6373,6458,6145,6431,100953,0.008942579228114145
2013-12-16,6515,6600,6401,6431,26293,0.0
2013-12-17,6344,6572,6344,6460,41055,0.004509407557145018
2013-12-18,6458,6515,6259,6431,51497,-0.004489164086687314
2013-12-19,6486,6544,6401,6431,27077,0.0
2013-12-20,6401,6658,6401,6630,44397,0.030943865650754132
2013-12-23,6658,6914,6658,6829,47878,0.03001508295625932
2013-12-24,6914,6914,6714,6801,25398,-0.004100161077756681
2013-12-26,6885,6942,6714,6744,25982,-0.00838112042346717
2013-12-27,6771,6828,6714,6716,25550,-0.004151838671411667
2013-12-30,6743,6942,6714,6829,36568,0.016825491363906986
2014-01-02,6856,7027,6800,6858,64385,0.00424659540196215
2014-01-03,6771,6942,6771,6914,53668,0.00816564596092162
2014-01-06,6885,6914,6771,6801,26202,-0.016343650564072942
2014-01-07,6856,6856,6771,6772,33060,-0.004264078811939465
2014-01-08,6800,6856,6686,6687,35682,-0.012551683402244551
2014-01-09,6686,6771,6658,6744,37188,0.008524001794526725
2014-01-10,6771,6885,6743,6772,39068,0.004151838671411667
2014-01-13,6771,7170,6743,7057,176533,0.04208505611340807
2014-01-14,6914,7198,6914,7057,68757,0.0
2014-01-15,7112,7198,7027,7057,52583,0.0
2014-01-16,7140,7227,7027,7170,50329,0.01601246988805438
2014-01-17,7170,7255,7085,7199,26414,0.004044630404463012
2014-01-20,7170,7369,7112,7313,51432,0.015835532712876743
2014-01-21,7312,7539,7283,7313,158845,0.0
2014-01-22,7369,7397,7170,7341,69404,0.003828798030903968
2014-01-23,7397,7426,7255,7341,68843,0.0
2014-01-24,7255,7397,7198,7228,31228,-0.0153929982291241
2014-01-27,6942,7055,6914,6944,67162,-0.039291643608190374
2014-01-28,7027,7140,6942,6972,38228,0.0040322580645162365
2014-01-29,7055,7112,6885,6972,34775,0.0
2014-02-03,6914,7085,6856,7057,57541,0.012191623637406668
2014-02-04,6942,6970,6828,6914,37833,-0.02026356808842289
2014-02-05,6999,7027,6885,6944,26261,0.004339022273647686
2014-02-06,6885,7055,6885,6944,30536,0.0
2014-02-07,6999,7312,6999,7228,86635,0.040898617511520685
2014-02-10,7255,7312,7112,7170,47828,-0.00802434975096844
2014-02-11,7255,7511,7227,7228,133440,0.008089260808926024
2014-02-12,7227,7341,7170,7228,48221,0.0
2014-02-13,7312,7454,7312,7399,58696,0.02365799667957935
2014-02-14,7454,7483,7255,7285,75562,-0.015407487498310557
2014-02-17,7227,7255,7112,7143,48870,-0.019492107069320475
2014-02-18,7140,7198,7055,7057,47536,-0.012039759204815925
2014-02-19,7055,7140,6999,7143,35231,0.012186481507722835
2014-02-20,7085,7112,6970,7057,73926,-0.012039759204815925
2014-02-21,7055,7085,6828,6944,135961,-0.01601246988805438
2014-02-24,6999,7027,6856,6886,32749,-0.008352534562211966
2014-02-25,6942,7027,6856,6914,44860,0.004066221318617558
2014-02-26,6885,7027,6800,7000,84481,0.012438530517790092
2014-02-27,6999,7027,6914,6944,36257,-0.008000000000000007
2014-02-28,6942,6999,6828,6858,31140,-0.012384792626728092
2014-03-03,6828,6828,6658,6716,50941,-0.020705745115193963
2014-03-04,6629,6828,6600,6829,28687,0.016825491363906986
2014-03-05,6914,6914,6743,6829,34469,0.0
2014-03-06,6771,6828,6658,6687,70830,-0.020793674037194343
2014-03-07,6686,6714,6430,6602,149876,-0.012711230746224045
2014-03-10,6572,6686,6515,6516,81571,-0.013026355649803145
2014-03-11,6544,6658,6458,6573,62547,0.008747697974217372
2014-03-12,6658,6686,6515,6630,44244,0.00867183934276583
2014-03-13,6714,6828,6629,6630,54692,0.0
2014-03-14,6572,6743,6544,6658,45939,0.004223227752639502
2014-03-17,6743,6771,6572,6658,37840,0.0
2014-03-18,6658,6743,6658,6658,34379,0.0
2014-03-19,6686,6856,6658,6829,64469,0.025683388404926344
2014-03-20,6771,6856,6686,6744,51313,-0.012446917557475512
2014-03-21,6828,6856,6743,6829,35755,0.012603795966785292
2014-03-24,6771,6856,6572,6602,104475,-0.033240591594669744
2014-03-25,6629,6658,6572,6602,26691,0.0
2014-03-26,6658,6658,6486,6545,74916,-0.008633747349288123
2014-03-27,6544,6658,6515,6630,22430,0.01298701298701288
2014-03-28,6658,6828,6629,6716,41005,0.012971342383107043
2014-03-31,6714,6771,6515,6602,71555,-0.01697438951757002
2014-04-01,6600,6686,6572,6602,22212,0.0
2014-04-02,6658,6686,6572,6658,37854,0.008482278097546203
2014-04-03,6714,7198,6629,7085,146596,0.06413337338540104
2014-04-04,7085,7085,6856,6858,92954,-0.032039520112914555
2014-04-07,6800,6885,6714,6744,49386,-0.016622922134733153
2014-04-08,6714,6856,6686,6829,49546,0.012603795966785292
2014-04-09,6856,6856,6714,6744,36866,-0.012446917557475512
2014-04-10,6771,6800,6658,6801,45461,0.008451957295373624
2014-04-11,6714,6828,6714,6716,35712,-0.012498162034994875
2014-04-14,6885,7596,6885,7285,643015,0.08472304943418707
2014-04-15,7255,7341,7112,7199,136201,-0.011805078929306823
2014-04-16,7341,7426,7170,7313,139932,0.015835532712876743
2014-04-17,7255,7426,7140,7399,97930,0.011759879666347617
2014-04-18,7454,7625,7369,7399,222431,0.0
2014-04-21,7397,7426,7255,7341,65542,-0.007838897148263246
2014-04-22,7397,7397,7227,7228,48561,-0.0153929982291241
2014-04-23,7283,7426,7198,7228,120768,0.0
2014-04-24,7227,7312,7027,7057,66211,-0.023657996679579463
2014-04-25,7055,7170,6999,7000,42651,-0.008077086580700055
2014-04-28,6942,7170,6942,7085,45966,0.012142857142857233
2014-04-29,7085,7112,6970,6972,41099,-0.015949188426252592
2014-04-30,7055,7085,6828,6858,56846,-0.016351118760757344
2014-05-02,6942,6942,6714,6772,43023,-0.012540099154272344
2014-05-07,6771,6828,6572,6630,60522,-0.02096869462492612
2014-05-08,6600,6714,6572,6658,28359,0.004223227752639502
2014-05-09,6600,6714,6572,6716,26439,0.008711324722138869
2014-05-12,6686,6771,6629,6744,29943,0.004169148302560988
2014-05-13,7027,7283,6828,7000,292813,0.03795966785290639
2014-05-14,6999,7085,6914,6972,28087,-0.0040000000000000036
2014-05-15,6914,7112,6885,7057,53609,0.012191623637406668
2014-05-16,6999,7112,6914,7000,28709,-0.008077086580700055
2014-05-19,6999,7055,6771,6772,38759,-0.032571428571428584
2014-05-20,6743,6800,6600,6744,67794,-0.0041346721795628705
2014-05-21,6629,6828,6629,6772,20421,0.004151838671411667
2014-05-22,6714,6828,6686,6772,36271,0.0
2014-05-23,6828,6856,6800,6858,13296,0.01269935026580038
2014-05-26,6914,6914,6714,6744,24763,-0.016622922134733153
2014-05-27,6743,6800,6658,6772,39275,0.004151838671411667
2014-05-28,6714,6828,6714,6716,24493,-0.008269344359125852
2014-05-29,6771,6885,6714,6772,53101,0.008338296605122197
2014-05-30,6800,6800,6373,6374,142206,-0.0587714116952156
2014-06-02,6174,6230,5747,5862,192586,-0.08032632569814868
2014-06-03,5747,6031,5747,5919,120744,0.00972364380757429
2014-06-05,5861,5974,5092,5378,266721,-0.09140057442135496
2014-06-09,5394,5565,5388,5509,81077,0.024358497582744443
2014-06-10,5450,5775,5446,5748,66447,0.04338355418406237
2014-06-11,5690,5803,5690,5777,27962,0.005045233124565174
2014-06-12,5718,5747,5627,5691,46408,-0.014886619352605157
2014-06-13,5639,5690,5599,5657,25006,-0.005974345457740338
2014-06-16,5644,5661,5405,5634,53706,-0.004065759236344335
2014-06-17,5627,5678,5565,5600,39386,-0.006034788782392608
2014-06-18,5548,5627,5480,5521,59648,-0.014107142857142874
2014-06-19,5518,5542,5463,5475,32367,-0.008331823944937478
2014-06-20,5473,5518,5149,5185,112456,-0.05296803652968041
2014-06-23,5241,5326,5121,5207,72296,0.004243008678881388
2014-06-24,5121,5279,5121,5275,42957,0.013059343191857087
2014-06-25,5275,5309,5224,5282,24063,0.0013270142180095146
2014-06-26,5252,5473,5252,5424,62511,0.02688375615297245
2014-06-27,5480,5480,5377,5424,19891,0.0
2014-06-30,5433,5548,5422,5538,55227,0.02101769911504414
2014-07-01,5553,5718,5480,5674,54068,0.024557602022390768
2014-07-02,5690,5747,5639,5674,26382,0.0
2014-07-03,5690,5690,5605,5651,19112,-0.004053577722946788
2014-07-04,5684,5684,5599,5634,23651,-0.003008317112015546
2014-07-07,5644,5644,5382,5469,62318,-0.029286474973375887
2014-07-08,5388,5433,5320,5372,71477,-0.017736332053391868
2014-07-09,5337,5377,5234,5333,57817,-0.007259865971705137
2014-07-10,5309,5473,5309,5452,43986,0.0223138946184136
2014-07-11,5439,5439,5320,5412,66411,-0.007336757153338258
2014-07-14,5416,5542,5416,5509,46790,0.01792313377679222
2014-07-15,5508,5599,5467,5521,18506,0.002178253766563776
2014-07-16,5576,5576,5411,5531,29469,0.001811266074986495
2014-07-17,5531,5889,5473,5862,149147,0.05984451274633873
2014-07-18,5832,6031,5718,6004,97005,0.0242238143978164
2014-07-21,5974,6003,5803,5976,44823,-0.004663557628247883
2014-07-22,5917,5974,5747,5862,43735,-0.01907630522088355
2014-07-23,5917,5917,5718,5833,27524,-0.004947117024906134
2014-07-24,5775,5889,5775,5862,22211,0.004971712669295414
2014-07-25,5889,5917,5775,5919,30837,0.00972364380757429
2014-07-28,5974,6003,5747,5862,36301,-0.009630005068423708
2014-07-29,5889,6202,5747,6203,136144,0.05817127260320709
2014-07-30,6259,7112,6202,7115,1067051,0.1470256327583428
2014-07-31,7283,7397,6828,6886,1114926,-0.03218552354181303
2014-08-01,6771,6800,6458,6602,492280,-0.041243101945977356
2014-08-04,6629,6800,6230,6403,573798,-0.03014238109663736
2014-08-05,6430,6544,6202,6203,482144,-0.03123535842573788
2014-08-06,6174,6202,5946,6032,423758,-0.027567306142189274
2014-08-07,6117,6145,5690,5691,370975,-0.056531830238726766
2014-08-08,5661,5718,5337,5361,391637,-0.05798629414865575
2014-08-11,5382,5501,5309,5378,321390,0.0031710501772057587
2014-08-12,5429,5491,5388,5401,189657,0.004276682781703345
2014-08-13,5411,5535,5382,5463,231460,0.011479355674875125
2014-08-14,5463,5497,5314,5344,213626,-0.02178290316675824
2014-08-18,5121,5463,5081,5424,238714,0.014970059880239583
2014-08-19,5405,5439,5314,5361,82287,-0.011615044247787587
2014-08-20,5399,5422,5337,5350,70075,-0.002051855997015517
2014-08-21,5377,5416,5279,5367,82602,0.003177570093457982
2014-08-22,5371,5399,5292,5327,78145,-0.00745295323271844
2014-08-25,5371,5371,5286,5321,37150,-0.0011263375258119268
2014-08-26,5292,5348,5286,5310,52874,-0.0020672805863559685
2014-08-27,5309,5343,5224,5253,73833,-0.010734463276836137
2014-08-28,5258,5296,5228,5241,53824,-0.0022844089091947906
2014-08-29,5234,5262,5172,5230,62541,-0.0020988360999809608
2014-09-01,5211,5245,5172,5230,35653,0.0
2014-09-02,5228,5480,5160,5475,140078,0.04684512428298282
2014-09-03,5501,5501,5360,5401,58557,-0.013515981735159777
2014-09-04,5422,5480,5365,5480,74866,0.014626920940566501
2014-09-05,5473,5661,5439,5560,112684,0.014598540145985384
2014-09-11,5559,5639,5559,5577,41830,0.003057553956834491
2014-09-12,5497,5610,5491,5611,55837,0.006096467634929104
2014-09-15,5610,5656,5548,5646,39099,0.006237747282124451
2014-09-16,5650,5718,5605,5611,55904,-0.006199078993978091
2014-09-17,5610,5684,5501,5538,58572,-0.013010158617002276
2014-09-18,5536,5599,5456,5475,56166,-0.011375947995666325
2014-09-19,5480,5497,5360,5395,62715,-0.014611872146118698
2014-09-22,5394,5450,5360,5401,30112,0.0011121408711769476
2014-09-23,5388,5416,5314,5350,38299,-0.009442695797074574
2014-09-24,5360,5399,5296,5350,27176,0.0
2014-09-25,5303,5467,5234,5469,68837,0.022242990654205652
2014-09-26,5450,5627,5405,5463,89707,-0.0010970927043335577
2014-09-29,5548,5548,5241,5253,40231,-0.03844041735310266
2014-09-30,5252,5388,5183,5378,47006,0.02379592613744519
2014-10-01,5439,5439,5228,5265,35577,-0.021011528449237593
2014-10-02,5262,5286,5149,5258,38958,-0.0013295346628680038
2014-10-06,5241,5314,5190,5253,32998,-0.0009509319132749994
2014-10-07,5194,5269,5115,5168,48764,-0.016181229773462813
2014-10-08,5092,5177,5075,5145,30377,-0.004450464396284826
2014-10-10,5036,5098,4700,4741,169719,-0.07852283770651114
2014-10-13,4722,4722,4398,4399,133621,-0.07213668002531115
2014-10-14,4233,4489,4233,4433,109603,0.007729029324846648
2014-10-15,4386,4614,4386,4525,60801,0.02075344010827873
2014-10-16,4523,4552,4295,4525,75931,0.0
2014-10-17,4449,4529,4358,4382,52936,-0.03160220994475138
2014-10-20,4415,4517,4381,4440,39113,0.013235965312642595
2014-10-21,4437,4483,4347,4399,46999,-0.009234234234234195
2014-10-22,4427,4455,4181,4184,111599,-0.04887474426005911
2014-10-23,4181,4381,4181,4246,83112,0.014818355640535463
2014-10-24,4193,4290,3971,4097,97482,-0.035091851154027354
2014-10-27,4113,4222,4039,4171,51785,0.018061996582865447
2014-10-28,4347,4347,4147,4149,48606,-0.005274514504914896
2014-10-29,4136,4403,4136,4229,97408,0.01928175463967219
2014-10-30,4261,4341,4164,4286,39672,0.01347836367935673
2014-10-31,4244,4386,4244,4337,54801,0.011899206719552025
2014-11-03,4386,4386,4164,4167,40733,-0.039197602029052314
2014-11-04,4136,4154,3840,3921,149036,-0.05903527717782575
2014-11-05,3874,3920,3613,3654,208721,-0.06809487375669476
2014-11-06,3596,3681,3482,3483,125626,-0.046798029556650245
2014-11-07,3476,3925,3470,3773,112634,0.08326155612977315
2014-11-10,3738,3897,3670,3745,65909,-0.007421150278293154
2014-11-11,3726,3959,3726,3893,65260,0.0395193591455274
2014-11-12,3862,3954,3817,3910,42071,0.004366812227074135
2014-11-13,3949,4022,3874,3972,28366,0.015856777493606034
2014-11-14,4039,4039,3766,3785,77248,-0.04707955689828802
2014-11-17,3772,3874,3755,3875,32619,0.023778071334213946
2014-11-18,3835,3914,3766,3841,50698,-0.008774193548387044
2014-11-19,3835,3840,3721,3768,46057,-0.019005467326217107
2014-11-20,3794,3794,3658,3716,24806,-0.013800424628450103
2014-11-21,3692,4198,3692,4126,149951,0.11033369214208832
2014-11-24,4096,4154,4051,4126,57068,0.0
2014-11-25,4096,4335,4017,4256,108955,0.03150751333010171
2014-11-26,4284,4381,4198,4291,59405,0.008223684210526327
2014-11-27,4318,4466,4188,4325,75693,0.00792356094150537
2014-11-28,4352,4591,4273,4461,148276,0.031445086705202296
2014-12-01,4552,4580,4410,4495,64769,0.007621609504595339
2014-12-02,4466,4512,4420,4440,49424,-0.012235817575083408
2014-12-03,4437,4552,4341,4553,69528,0.025450450450450468
2014-12-04,4478,4591,4352,4593,99825,0.008785416209093011
2014-12-05,4591,4694,4495,4610,69465,0.0037012845634660785
2014-12-08,4608,4671,4540,4638,55543,0.006073752711496683
2014-12-09,4637,4666,4523,4666,86924,0.006037084950409666
2014-12-10,4625,4666,4546,4553,60295,-0.024217745392198897
2014-12-11,4393,4517,4381,4406,57553,-0.03228640456841647
2014-12-12,4369,4461,4215,4218,56263,-0.04266908760780752
2014-12-15,4125,4188,4011,4154,35908,-0.015173067804646778
2014-12-16,4108,4233,4079,4154,39325,0.0
2014-12-17,4136,4278,4130,4149,37010,-0.0012036591237362115
2014-12-18,4154,4210,4096,4154,32610,0.0012051096649794424
2014-12-19,4136,4381,4096,4291,82317,0.0329802599903708
2014-12-22,4335,4347,4244,4291,12945,0.0
2014-12-23,4307,4381,4244,4246,24411,-0.010487065951992558
2014-12-24,4278,4301,4193,4303,15770,0.013424399434762035
2014-12-26,4410,4420,4267,4269,34765,-0.007901464094817623
2014-12-29,4278,4364,4256,4337,13978,0.015928788943546435
2014-12-30,4335,4375,4278,4354,19688,0.003919760202905298
2015-01-02,4369,4381,4244,4337,16328,-0.0039044556729443958
2015-01-05,4324,4403,4290,4342,25991,0.0011528706479133621
2015-01-06,4324,4381,4244,4382,29377,0.009212344541685846
2015-01-07,4386,4393,4244,4274,43709,-0.024646280237334506
2015-01-08,4273,4324,4256,4320,36191,0.01076275152082351
2015-01-09,4335,4335,4284,4331,24754,0.0025462962962963243
2015-01-12,4324,4386,4181,4325,40367,-0.001385361348418379
2015-01-13,4273,4313,4125,4252,56838,-0.016878612716763053
2015-01-14,4273,4273,4091,4097,45717,-0.03645343367826903
2015-01-15,4130,4130,4028,4086,21279,-0.0026848913839394584
2015-01-16,4068,4113,4028,4097,17484,0.002692119432207596
2015-01-19,4096,4125,4011,4058,18298,-0.009519160361239898
2015-01-20,4079,4335,4079,4263,74097,0.05051749630359792
2015-01-21,4261,4261,4113,4239,44997,-0.005629838142153454
2015-01-22,4181,4250,4125,4252,29277,0.003066761028544418
2015-01-23,4239,4284,4181,4246,21121,-0.0014111006585136865
2015-01-26,4295,4295,4171,4218,19208,-0.006594441827602493
2015-01-27,4216,4216,4039,4058,35370,-0.03793266951161689
2015-01-28,4011,4079,3959,4046,65589,-0.0029571217348447476
2015-01-29,4045,4102,4039,4052,24627,0.0014829461196244065
2015-01-30,4056,4085,3983,4024,31390,-0.00691016781836129
2015-02-02,4005,4108,4005,4109,36656,0.02112326043737567
2015-02-03,4147,4307,4091,4308,106938,0.0484302750060841
2015-02-04,4324,4950,4210,4951,271186,0.14925719591457742
2015-02-05,5177,5190,4950,5009,399208,0.011714805089880764
2015-02-06,5070,5121,4830,5088,137243,0.0157716111000199
2015-02-09,5081,5473,5053,5185,215145,0.01906446540880502
2015-02-10,5224,5365,5177,5253,89472,0.013114754098360715
2015-02-11,5303,5548,5303,5407,137857,0.029316581001332498
2015-02-12,5348,5501,5292,5407,122774,0.0
2015-02-13,5429,5610,5365,5555,150219,0.027371925282041687
2015-02-16,5377,5633,5177,5538,222066,-0.0030603060306030327
2015-02-17,5545,5597,5383,5478,53100,-0.010834236186348822
2015-02-23,5477,5622,5366,5367,44174,-0.02026286966045998
2015-02-24,5375,5545,5297,5401,52972,0.006335010247810802
2015-02-25,5409,5494,5358,5401,41109,0.0
2015-02-26,5400,5451,5238,5307,60251,-0.017404184410294343
2015-02-27,5272,5690,5272,5521,135618,0.04032410024495947
2015-03-02,5580,5580,5451,5580,69438,0.010686469842419832
2015-03-03,5580,5750,5580,5589,118947,0.001612903225806539
2015-03-04,5588,5673,5460,5572,48713,-0.0030416890320271728
2015-03-05,5588,5588,5383,5443,47499,-0.02315147164393394
2015-03-06,5375,5494,5375,5487,45308,0.008083777328679043
2015-03-09,5460,5460,5246,5290,39744,-0.035903043557499514
2015-03-10,5349,5349,5075,5179,43632,-0.02098298676748578
2015-03-11,5161,5263,5110,5256,24872,0.014867735083992972
2015-03-12,5187,5358,5187,5273,26236,0.0032343987823439946
2015-03-13,5255,5451,5255,5443,44913,0.03223971173904805
2015-03-16,5400,5460,5332,5333,31178,-0.020209443321697607
2015-03-17,5255,5306,5127,5248,113225,-0.01593849615600973
2015-03-18,5246,5280,5161,5239,66445,-0.0017149390243902385
2015-03-19,5238,5272,5033,5162,115339,-0.014697461347585428
2015-03-20,5127,5195,5024,5034,85364,-0.024796590468810553
2015-03-23,5016,5058,4906,4982,70657,-0.010329757647993598
2015-03-24,4999,5075,4854,5051,89884,0.01384985949417894
2015-03-25,5050,5119,4990,5119,85082,0.0134626806572955
2015-03-26,5119,5136,4999,5111,39136,-0.0015628052353975352
2015-03-27,5075,5187,5033,5111,41962,0.0
2015-03-30,5067,5153,5033,5111,35351,0.0
2015-03-31,5101,5136,4990,5043,51644,-0.013304637057327318
2015-04-01,5041,5067,4862,4889,63922,-0.030537378544517102
2015-04-02,4889,4982,4862,4898,43138,0.00184086725301702
2015-04-03,4948,4965,4845,4957,60369,0.01204573295222544
2015-04-06,5033,5041,4914,5009,51138,0.01049021585636467
2015-04-07,5375,5758,5332,5760,498542,0.14993012577360743
2015-04-08,6040,6091,5494,5512,1243237,-0.043055555555555514
2015-04-09,5562,5682,5383,5546,512986,0.006168359941944868
2015-04-10,5597,5605,5306,5316,287541,-0.041471330688784724
2015-04-13,5340,5400,5195,5273,205112,-0.008088788562829241
2015-04-14,5297,5323,5170,5221,128374,-0.009861558884885269
2015-04-15,5221,5323,5212,5290,101739,0.013215859030837107
2015-04-16,5297,5306,5170,5179,126984,-0.02098298676748578
2015-04-17,5212,5221,5136,5179,102170,0.0
2015-04-20,5136,5212,5136,5145,93900,-0.006564973933191776
2015-04-21,5144,5451,5136,5307,317423,0.0314868804664723
2015-04-22,5297,5400,4889,5187,225175,-0.022611644997173497
2015-04-23,5187,5238,4990,5026,151129,-0.031039136302294157
2015-04-24,5016,5119,4940,5017,88470,-0.0017906884202149032
2015-04-27,5033,5058,4965,5060,55220,0.00857085907913091
2015-04-28,5058,5058,4940,4991,87511,-0.013636363636363669
2015-04-29,4965,4990,4777,4872,163332,-0.02384291725105192
2015-04-30,4828,4854,4675,4676,145083,-0.04022988505747127
2015-05-04,4650,4675,4359,4360,119431,-0.067579127459367
2015-05-06,4282,4606,4252,4488,104373,0.029357798165137616
2015-05-07,4462,4641,4445,4642,58839,0.03431372549019618
2015-05-08,4555,4718,4555,4676,68643,0.007324429125376897
2015-05-11,4709,4777,4658,4693,81404,0.0036355859709154004
2015-05-12,4650,4777,4641,4659,61671,-0.007244832729597306
2015-05-13,4684,4692,4547,4608,62789,-0.010946555054732743
2015-05-14,4564,4658,4479,4488,79258,-0.02604166666666663
2015-05-15,4555,4623,4496,4539,50337,0.011363636363636465
2015-05-18,4521,4598,4410,4454,68016,-0.01872659176029967
2015-05-19,4410,4581,4376,4522,62167,0.01526717557251911
2015-05-20,4564,4564,4393,4428,79515,-0.020787262273330387
2015-05-21,4436,4436,4342,4360,45723,-0.015356820234869062
2015-05-22,4282,4623,4282,4522,118199,0.03715596330275228
2015-05-26,4598,4606,4487,4505,58237,-0.003759398496240629
2015-05-27,4428,4521,4333,4437,53663,-0.015094339622641506
2015-05-28,4462,4462,4367,4437,41403,0.0
2015-05-29,4436,4445,4350,4420,50650,-0.003831417624521105
2015-06-01,4419,4436,4333,4377,39167,-0.009728506787330282
2015-06-02,4376,4393,4120,4318,108127,-0.013479552204706424
2015-06-03,4325,4384,4265,4377,61550,0.013663733209819284
2015-06-04,4325,4436,4325,4394,53492,0.0038839387708475837
2015-06-05,4265,4393,4265,4369,36278,-0.005689576695493859
2015-06-08,4350,4350,4210,4300,64106,-0.01579308766308085
2015-06-09,4325,4333,4231,4266,40144,-0.007906976744186056
2015-06-10,4274,4709,4274,4496,125145,0.05391467416783868
2015-06-11,4504,4589,4376,4386,77411,-0.024466192170818468
2015-06-12,4436,4453,4248,4266,60273,-0.02735978112175108
2015-06-15,4265,4299,4137,4220,77168,-0.010782934833567737
2015-06-16,4162,4235,4094,4151,68646,-0.016350710900473908
2015-06-17,4150,4261,4137,4206,36704,0.013249819320645617
2015-06-18,4206,4308,4206,4223,46198,0.004041844983357024
2015-06-19,4223,4299,4206,4283,39129,0.014207909069381852
2015-06-22,4265,4359,4244,4343,29603,0.01400887228578096
2015-06-23,4342,4359,4291,4291,40343,-0.011973290352291
2015-06-24,4342,4376,4265,4318,70180,0.006292239571195513
2015-06-25,4325,4350,4261,4274,45493,-0.01018990273274667
2015-06-26,4265,4316,4235,4249,58100,-0.005849321478708425
2015-06-29,4171,4248,4094,4159,74981,-0.02118145445987296
2015-06-30,4094,4150,4052,4108,80881,-0.012262563116133718
2015-07-01,4074,4154,4043,4108,71257,0.0
2015-07-02,4128,4162,4005,4044,164291,-0.015579357351509282
2015-07-03,4043,4069,3996,4015,74240,-0.007171117705242369
2015-07-06,3959,3979,3839,3886,142061,-0.03212951432129518
2015-07-07,3907,3950,3711,3814,83881,-0.018528049408131797
2015-07-08,3856,3915,3808,3883,51243,0.018091242789722184
2015-07-09,3881,3881,3757,3844,25615,-0.010043780582024153
2015-07-10,3805,3856,3762,3848,53172,0.0010405827263266776
2015-07-13,3813,3950,3813,3951,47845,0.02676715176715172
2015-07-14,3954,4039,3937,3951,30259,0.0
2015-07-15,3950,4005,3937,3972,19813,0.005315110098709219
2015-07-16,4009,4009,3881,3951,51152,-0.005287009063444148
2015-07-17,3928,3950,3881,3946,30895,-0.0012655024044545549
2015-07-20,3945,3971,3894,3929,44266,-0.0043081601621896
2015-07-21,3894,5101,3894,5102,1173655,0.29854924917281744
2015-07-22,4828,4982,4342,4522,1338111,-0.1136809094472756
2015-07-23,4862,5485,4735,5068,4010716,0.12074303405572762
2015-07-24,5075,5289,4923,5060,770463,-0.0015785319652722452
2015-07-27,5058,5067,4530,4530,541559,-0.10474308300395252
2015-07-28,4419,4496,4223,4352,401816,-0.039293598233995586
2015-07-29,4376,4384,4091,4104,498696,-0.05698529411764708
2015-07-30,4116,4154,3932,3934,206319,-0.041423001949317695
2015-07-31,3907,4180,3839,4052,217095,0.02999491611591254
2015-08-03,4180,4189,3975,3976,105611,-0.01875616979269501
2015-08-04,4026,4030,3932,4010,65717,0.008551307847082468
2015-08-05,3971,4043,3950,4018,68588,0.001995012468827939
2015-08-06,4026,4479,4022,4352,362469,0.08312593330014928
2015-08-07,4342,4359,4206,4206,135906,-0.03354779411764708
2015-08-10,4206,4282,4111,4121,98632,-0.020209224916785562
2015-08-11,4162,4210,4022,4035,118455,-0.020868721184178596
2015-08-12,3992,4035,3877,3976,121045,-0.014622057001239197
2015-08-13,3920,4043,3920,4032,56271,0.014084507042253502
2015-08-17,4030,4120,3967,4066,72715,0.008432539682539764
2015-08-18,4009,4091,3992,4010,79744,-0.0137727496310871
2015-08-19,3971,4521,3971,4049,464055,0.00972568578553612
2015-08-20,3979,4180,3950,4001,134530,-0.01185477895776732
2015-08-21,3583,3813,3583,3647,179963,-0.08847788052986749
2015-08-24,3454,3647,3361,3375,255022,-0.07458184809432411
2015-08-25,3386,3540,3361,3528,92326,0.045333333333333226
2015-08-26,3600,4094,3583,3840,172667,0.08843537414965996
2015-08-27,3881,3881,3728,3776,74173,-0.01666666666666672
2015-08-28,3796,3873,3796,3852,70277,0.020127118644067687
2015-08-31,3881,3886,3779,3840,27921,-0.0031152647975077885
2015-09-01,3898,3937,3754,3857,73424,0.004427083333333304
2015-09-02,3754,3864,3723,3814,48594,-0.01114856105781692
2015-09-03,3817,3864,3771,3776,33076,-0.009963293130571538
2015-09-04,3779,3830,3583,3695,83329,-0.021451271186440635
2015-09-07,3668,3732,3583,3690,47382,-0.0013531799729363803
2015-09-08,3651,3693,3540,3605,108182,-0.023035230352303482
2015-09-09,3664,3664,3608,3652,51658,0.013037447988904383
2015-09-10,3647,3655,3587,3639,27574,-0.0035596933187295177
2015-09-11,3617,3693,3600,3669,56723,0.008244023083264551
2015-09-14,3668,3676,3566,3618,40553,-0.013900245298446468
2015-09-15,3583,3617,3557,3566,44061,-0.014372581536760687
2015-09-16,3596,3630,3544,3627,56858,0.017106001121705017
2015-09-17,3600,3647,3600,3644,31632,0.004687069203198169
2015-09-18,3664,3732,3651,3673,83938,0.007958287596048219
2015-09-21,3651,3903,3625,3750,128423,0.02096378981758784
2015-09-22,3749,3796,3693,3767,74418,0.004533333333333278
2015-09-23,3766,3894,3720,3767,118917,0.0
2015-09-24,3830,3915,3783,3840,71234,0.019378816033979396
2015-09-25,3869,3869,3788,3814,60905,-0.0067708333333332815
2015-09-30,3771,3808,3672,3801,44069,-0.0034084950183533858
2015-10-01,3779,3860,3779,3827,41329,0.006840305182846729
2015-10-02,3826,3881,3805,3866,35195,0.010190749934674725
2015-10-05,3881,4393,3864,4155,765903,0.0747542679772375
2015-10-06,4184,4184,4001,4083,209694,-0.017328519855595692
2015-10-07,4030,4091,3967,4023,118301,-0.014695077149155078
2015-10-08,4035,4069,3890,3925,92874,-0.024359930400198904
2015-10-12,3975,3975,3881,3883,78214,-0.010700636942675201
2015-10-13,3881,3959,3839,3900,106944,0.004378058202420876
2015-10-14,3898,4001,3890,3925,101511,0.0064102564102563875
2015-10-15,3988,3988,3864,3934,38870,0.0022929936305733367
2015-10-16,3941,4257,3932,4052,204873,0.02999491611591254
2015-10-19,4056,4103,4009,4049,71954,-0.0007403751233958644
2015-10-20,4086,4108,4009,4096,96129,0.01160780439614717
2015-10-21,4094,4120,4018,4018,73717,-0.01904296875
2015-10-22,3984,4265,3971,4079,220537,0.015181682429069143
2015-10-23,4077,4167,4030,4087,75718,0.0019612650159352985
2015-10-26,4086,4086,4001,4040,73162,-0.011499877660875901
2015-10-27,4086,4308,4086,4091,266313,0.012623762376237524
2015-10-28,4103,4171,4047,4052,142926,-0.009533121486189233
2015-10-29,4056,4201,3967,4113,205462,0.015054294175715688
2015-10-30,4111,4201,4052,4181,167306,0.016532944322878773
2015-11-02,4197,4342,4065,4113,322471,-0.01626405166228173
2015-11-03,4214,4214,4043,4104,155841,-0.002188183807439792
2015-11-04,4103,4103,3941,4006,164988,-0.023879142300194944
2015-11-05,3971,4043,3950,4044,77240,0.00948577134298545
2015-11-06,4069,4069,3967,4032,65495,-0.0029673590504450953
2015-11-09,4001,4013,3796,3797,178099,-0.05828373015873012
2015-11-10,3732,3835,3647,3681,82765,-0.030550434553594963
2015-11-11,3617,3728,3617,3678,46404,-0.0008149959250203231
2015-11-12,3659,3754,3651,3754,29426,0.02066340402392597
2015-11-13,3745,3745,3630,3669,45392,-0.022642514651038836
2015-11-16,3583,3625,3540,3592,60046,-0.02098664486236035
2015-11-17,3600,3664,3468,3468,138476,-0.034521158129176
2015-11-18,3472,3510,3420,3422,57948,-0.013264129181084217
2015-11-19,3437,3515,3412,3503,120689,0.023670368205727543
2015-11-20,3501,3527,3472,3498,68479,-0.0014273479874393757
2015-11-23,3518,3518,3429,3481,56074,-0.004859919954259606
2015-11-24,3463,3510,3425,3473,66764,-0.002298190175237025
2015-11-25,3489,3489,3408,3422,92783,-0.014684710624820019
2015-11-26,3451,3634,3412,3524,143371,0.02980713033313842
2015-11-27,3561,3638,3484,3622,174037,0.027809307604994338
2015-11-30,3583,3659,3515,3600,110671,-0.006073992269464368
2015-12-01,3600,3630,3527,3600,98703,0.0
2015-12-02,3600,3625,3527,3583,64743,-0.004722222222222183
2015-12-03,3557,3557,3468,3511,73168,-0.020094892548144005
2015-12-04,3434,4030,3425,3554,442377,0.012247223013386543
2015-12-07,3634,3634,3454,3490,129824,-0.018007878446820502
2015-12-08,3489,3523,3412,3456,108879,-0.009742120343839589
2015-12-09,3454,3480,3395,3413,117902,-0.01244212962962965
2015-12-10,3391,3429,3348,3392,74610,-0.006152944623498358
2015-12-11,3395,3425,3293,3327,107924,-0.01916273584905659
2015-12-14,3254,3284,3173,3174,113876,-0.04598737601442737
2015-12-15,3079,3250,3079,3242,90792,0.021424070573409004
2015-12-16,3246,3310,3241,3246,88282,0.0012338062924119875
2015-12-17,3318,3318,3195,3255,100380,0.0027726432532346745
2015-12-18,3232,3400,3178,3361,108967,0.03256528417818738
2015-12-21,3348,3378,3259,3341,52651,-0.005950609937518614
2015-12-22,3403,3403,3293,3344,95411,0.0008979347500748247
2015-12-23,3352,3361,3284,3302,71152,-0.012559808612440215
2015-12-24,3305,3335,3271,3324,46797,0.0066626287098727754
2015-12-28,3301,3378,3284,3293,43534,-0.00932611311672682
2015-12-29,3246,3344,3246,3344,37819,0.015487397509869494
2015-12-30,3318,3378,3310,3375,38630,0.009270334928229707
2016-01-04,3374,3395,3267,3358,73958,-0.005037037037037062
2016-01-05,3310,3352,3284,3315,65761,-0.012805241215008922
2016-01-06,3297,3369,3215,3315,69659,0.0
2016-01-07,3276,3339,3207,3268,66497,-0.014177978883861186
2016-01-08,3259,3259,3126,3238,78240,-0.009179926560587526
2016-01-11,3232,3232,3113,3114,74114,-0.03829524397776407
2016-01-12,3126,3173,3062,3102,116112,-0.003853564547206201
2016-01-13,3117,3173,3096,3153,132303,0.01644100580270802
2016-01-14,3130,3169,3075,3136,38669,-0.005391690453536269
2016-01-15,3156,3173,3100,3140,46433,0.0012755102040815647
2016-01-18,3096,3122,2960,3020,154795,-0.03821656050955413
2016-01-19,2968,2981,2810,2824,226061,-0.06490066225165558
2016-01-20,2790,2870,2644,2653,177657,-0.06055240793201133
2016-01-21,2619,2763,2619,2662,84667,0.0033923859781379573
2016-01-22,2661,2759,2661,2739,54116,0.02892561983471076
2016-01-25,2738,2866,2738,2768,67777,0.01058780576852869
2016-01-26,2759,2798,2695,2697,43993,-0.02565028901734101
2016-01-27,2704,2815,2687,2782,45806,0.03151649981460891
2016-01-28,2734,2798,2734,2782,90203,0.0
2016-01-29,2819,2841,2717,2765,57964,-0.006110711718188333
2016-02-01,2772,2832,2755,2799,79244,0.012296564195298343
2016-02-02,2824,2844,2742,2773,47028,-0.009289031797070413
2016-02-03,2772,2772,2657,2722,58068,-0.01839163360980889
2016-02-04,2717,2926,2639,2773,121476,0.018736223365172666
2016-02-05,2824,2875,2729,2875,75298,0.03678326721961778
2016-02-11,2824,3190,2802,2986,290197,0.03860869565217384
2016-02-12,2917,2985,2815,2880,136965,-0.035498995311453396
2016-02-15,2819,2964,2819,2927,93558,0.016319444444444553
2016-02-16,2947,3002,2900,2931,84007,0.0013665869490946392
2016-02-17,2930,2964,2883,2944,45847,0.004435346298191645
2016-02-18,2985,2985,2896,2931,117505,-0.004415760869565188
2016-02-19,2917,3020,2909,2936,77364,0.0017059024223813335
2016-02-22,2964,2973,2844,2914,86816,-0.007493188010899154
2016-02-23,2913,3276,2909,3088,673865,0.059711736444749475
2016-02-24,3071,3310,3037,3161,581038,0.02363989637305708
2016-02-25,3198,3271,3071,3144,269932,-0.005378044922492831
2016-02-26,3122,3139,3037,3088,212193,-0.01781170483460559
2016-02-29,3092,3092,2956,2986,152429,-0.03303108808290156
2016-03-02,3024,3032,2956,2995,123627,0.003014065639651786
2016-03-03,3024,3024,2875,2939,236247,-0.018697829716193604
2016-03-04,2951,2951,2900,2944,111464,0.0017012589316094395
2016-03-07,2943,2976,2900,2944,101114,0.0
2016-03-08,2943,3041,2939,2965,154598,0.007133152173913082
2016-03-09,2964,3002,2900,2948,125244,-0.005733558178752096
2016-03-10,2947,2956,2900,2939,70610,-0.0030529172320217235
2016-03-11,2934,2956,2896,2936,114340,-0.0010207553589656193
2016-03-14,2943,2960,2896,2927,89328,-0.003065395095367851
2016-03-15,2956,3800,2930,3801,7031619,0.298599248377178
2016-03-16,3800,4052,3600,3857,4732393,0.014732965009208066
2016-03-17,3796,3813,3630,3635,1272986,-0.057557687321752704
2016-03-18,3659,4436,3617,3900,10823169,0.07290233837689142
2016-03-21,3864,3864,3715,3767,414144,-0.03410256410256407
2016-03-22,3745,3788,3672,3788,342036,0.005574727900185872
2016-03-23,3791,4026,3791,3984,574269,0.05174234424498425
2016-03-24,4026,4538,3890,3967,2938766,-0.0042670682730924225
2016-03-25,3864,4240,3771,3840,1117618,-0.032014116460801656
2016-03-28,3805,3860,3591,3609,515411,-0.06015625000000002
2016-03-29,3642,3715,3630,3644,345502,0.009697977279024661
2016-03-30,3659,3740,3634,3742,269647,0.026893523600439062
2016-03-31,3740,3745,3655,3678,215616,-0.017103153393907
2016-04-01,3668,3830,3651,3673,372050,-0.0013594344752583254
2016-04-04,3685,3822,3668,3763,320371,0.024503130955622066
2016-04-05,3791,3835,3723,3763,236104,0.0
2016-04-06,3749,3791,3651,3720,247980,-0.011427052883337785
2016-04-07,3706,3740,3600,3600,201718,-0.032258064516129004
2016-04-08,3587,3728,3587,3644,197516,0.012222222222222134
2016-04-11,3689,4111,3651,3831,1256658,0.051317233809001106
2016-04-12,3835,4257,3835,3951,2321238,0.03132341425215346
2016-04-14,4009,4094,3915,4010,381603,0.01493292837256388
2016-04-15,4043,4214,3907,4006,468805,-0.0009975062344139696
2016-04-18,4009,4009,3830,3840,339103,-0.04143784323514732
2016-04-19,3839,4009,3839,3900,280467,0.015625
2016-04-20,3898,5067,3869,5068,5518909,0.2994871794871794
2016-04-21,4965,5314,4735,4813,7885461,-0.05031570639305449
2016-04-22,4854,5255,4530,4667,5681603,-0.030334510700187
2016-04-25,4777,4854,4479,4539,1281216,-0.027426612384829685
2016-04-26,4504,4743,4496,4522,1313032,-0.0037453183520599342
2016-04-27,4572,5366,4564,4770,9036486,0.054842989827510014
2016-04-28,4828,4973,4675,4752,1542425,-0.0037735849056603765
2016-04-29,4760,5280,4743,4778,3950146,0.005471380471380405
2016-05-02,4726,5101,4692,4889,1748257,0.023231477605692774
2016-05-03,4940,5050,4743,4744,914741,-0.029658416854162373
2016-05-04,4615,4752,4496,4548,604507,-0.04131534569983142
2016-05-09,4538,4615,4470,4522,322049,-0.005716798592788064
2016-05-10,4487,4650,4470,4565,313806,0.0095090667846085
2016-05-11,4623,4940,4547,4804,1171135,0.05235487404162109
2016-05-12,4862,4897,4692,4778,418146,-0.005412156536219848
2016-05-13,4794,4803,4598,4642,398590,-0.028463792381749675
2016-05-16,4547,4589,4367,4369,432806,-0.05881085738905645
2016-05-17,4402,4470,4265,4386,265666,0.0038910505836575737
2016-05-18,4453,4453,3463,3498,1619417,-0.20246238030095765
2016-05-19,3472,3706,3429,3588,886492,0.02572898799313883
2016-05-20,3527,3625,3493,3583,359061,-0.001393534002229635
2016-05-23,3583,3583,3468,3490,337651,-0.025955902874685965
2016-05-24,3498,3578,3429,3507,354626,0.004871060171919739
2016-05-25,3510,3676,3510,3639,528658,0.03763900769888795
2016-05-26,3672,3698,3583,3622,312575,-0.004671613080516668
2016-05-27,3578,3642,3484,3554,218453,-0.018774157923798995
2016-05-30,3549,3549,3459,3498,211458,-0.015756893640967884
2016-05-31,3498,3693,3459,3652,321890,0.04402515723270439
2016-06-01,3672,3745,3600,3686,448108,0.009309967141292397
2016-06-02,3706,3728,3468,3468,654860,-0.05914270211611505
2016-06-03,3504,3648,3369,3585,565332,0.03373702422145319
2016-06-07,3594,4173,3580,3810,1151907,0.06276150627615062
2016-06-08,3818,3845,3724,3805,244319,-0.001312335958005284
2016-06-09,3805,3854,3702,3729,206649,-0.019973718791064354
2016-06-10,3782,3782,3657,3720,162930,-0.002413515687851975
2016-06-13,3702,3702,3616,3653,64492,-0.018010752688172094
2016-06-14,3616,3670,3558,3671,111046,0.004927456884752157
2016-06-15,3625,3764,3585,3693,131961,0.0059929174611821345
2016-06-16,3702,3764,3508,3594,166506,-0.026807473598700282
2016-06-17,3630,3639,3468,3527,147653,-0.018642181413466852
2016-06-20,3468,3634,3468,3585,86327,0.016444570456478624
2016-06-21,3522,3603,3517,3599,96839,0.003905160390516027
2016-06-22,3607,3751,3607,3684,248177,0.023617671575437704
2016-06-23,3684,3684,3531,3563,173204,-0.032844733984799146
2016-06-24,3585,3639,3230,3370,347021,-0.05416783609317988
2016-06-27,3288,3908,3257,3594,456489,0.06646884272997022
2016-06-28,3508,3845,3508,3765,636826,0.047579298831385675
2016-06-29,3796,4030,3778,3855,1018649,0.0239043824701195
2016-06-30,3872,4137,3868,3922,889980,0.017380025940337163
2016-07-01,3958,4834,3944,4309,2276109,0.09867414584395706
2016-07-04,4420,4618,4420,4610,1057785,0.06985379438384776
2016-07-05,4708,4879,4537,4672,1310766,0.013449023861171305
2016-07-06,6020,6074,4699,4762,18589460,0.019263698630136883
2016-07-07,4717,4780,4281,4327,3843393,-0.0913481730365393
2016-07-08,4375,4402,4079,4232,1670794,-0.02195516524150687
2016-07-11,4227,4227,3980,3985,1599514,-0.058364839319470674
2016-07-12,4061,4223,3895,4003,2065645,0.0045169385194478995
2016-07-13,4083,4169,4038,4061,987731,0.014489133150137334
2016-07-14,3998,4061,3818,3837,796963,-0.05515882787490767
2016-07-15,3800,4007,3746,3999,687851,0.04222048475371376
2016-07-18,3985,4021,3872,3918,343168,-0.02025506376594144
2016-07-19,3922,4025,3850,3868,372707,-0.012761613067891808
2016-07-20,3895,3935,3805,3900,243574,0.008273009307135482
2016-07-21,3899,3944,3728,3765,571238,-0.0346153846153846
2016-07-22,3764,3814,3724,3774,235402,0.0023904382470119057
2016-07-25,3827,3827,3684,3684,314291,-0.02384737678855331
2016-07-26,3670,3940,3670,3828,566991,0.039087947882736174
2016-07-27,3773,3818,3711,3769,522234,-0.01541274817136884
2016-07-28,3733,4016,3733,3909,1002958,0.037145131334571424
2016-07-29,3872,3935,3782,3814,779647,-0.024302890764901552
2016-08-01,3818,3980,3782,3945,872518,0.03434714210802303
2016-08-02,3971,4304,3971,4219,2915740,0.06945500633713553
2016-08-03,4218,4223,4065,4120,647042,-0.02346527613178473
2016-08-04,4133,4263,4115,4210,783450,0.02184466019417486
2016-08-05,4209,4331,4124,4210,1168183,0.0
2016-08-08,4241,4268,4021,4039,530022,-0.040617577197149646
2016-08-09,3980,4056,3944,3976,334624,-0.01559792027729634
2016-08-10,4016,4070,3796,4017,1318401,0.010311871227364211
2016-08-11,4003,4097,3976,4003,374010,-0.003485187951207336
2016-08-12,3976,4003,3908,3954,390869,-0.012240819385460955
2016-08-16,3868,3935,3832,3895,357675,-0.014921598381385959
2016-08-17,3931,3949,3787,3801,475050,-0.024133504492939717
2016-08-18,3800,3886,3773,3801,285638,0.0
2016-08-19,3800,3836,3760,3796,238858,-0.0013154433043935931
2016-08-22,3796,4043,3796,3994,891995,0.05216016859852468
2016-08-23,3989,4056,3940,4034,470963,0.01001502253380071
2016-08-24,4070,4079,3967,3967,260531,-0.01660882498760541
2016-08-25,3980,4016,3720,3873,294942,-0.02369548777413666
2016-08-26,3823,4101,3809,3972,737563,0.025561580170410547
2016-08-29,3998,4250,3827,3828,1261170,-0.03625377643504535
2016-08-30,3791,3895,3782,3783,291172,-0.011755485893416906
2016-08-31,3827,4088,3800,3823,1027632,0.010573618821041464
2016-09-01,3805,3904,3800,3859,260209,0.009416688464556566
2016-09-02,3877,3935,3863,3882,236215,0.005960093288416735
2016-09-05,3881,3931,3850,3864,265655,-0.004636785162287493
2016-09-06,3868,3971,3832,3972,438872,0.02795031055900621
2016-09-07,4169,4447,4052,4102,7664979,0.03272910372608262
2016-09-08,4097,4097,3863,3985,1215890,-0.028522671867381777
2016-09-09,3989,4003,3841,3841,560768,-0.03613550815558342
2016-09-12,3764,3823,3697,3751,496930,-0.02343139807341843
2016-09-13,3755,3971,3755,3882,941656,0.03492402026126373
2016-09-19,3854,4021,3841,4021,499713,0.03580628541988662
2016-09-20,3994,4079,3940,4066,484249,0.011191245958716678
2016-09-21,4065,4187,4047,4133,818010,0.01647811116576481
2016-09-22,4200,4200,4043,4084,476151,-0.011855794822163035
2016-09-23,4088,4263,4034,4043,938746,-0.01003917727717929
2016-09-26,3998,4079,3962,4026,381452,-0.004204798417017042
2016-09-27,3985,4092,3971,4066,327707,0.009935419771485376
2016-09-28,4133,4133,4030,4061,247651,-0.0012297097884899078
2016-09-29,4101,4137,3998,4115,674264,0.013297217434129482
2016-09-30,4146,4164,4021,4030,362336,-0.020656136087484844
2016-10-04,4030,4115,4016,4043,312774,0.003225806451612856
2016-10-05,4038,4223,3998,4210,561222,0.04130596092010874
2016-10-06,4322,4384,4110,4124,999428,-0.02042755344418057
2016-10-07,4115,4164,3998,4043,608802,-0.0196411251212415
2016-10-10,4070,4070,3985,4017,302735,-0.006430868167202619
2016-10-11,4007,4030,3949,4017,287911,0.0
2016-10-12,3989,4083,3971,4084,197051,0.016679113766492337
2016-10-13,4092,4151,3908,3909,642593,-0.04285014691478939
2016-10-14,3863,3940,3805,3873,388205,-0.009209516500383708
2016-10-17,3841,3895,3755,3774,275816,-0.025561580170410547
2016-10-18,3778,3809,3684,3760,307624,-0.0037095919448860704
2016-10-19,3764,3818,3688,3738,204615,-0.005851063829787284
2016-10-20,3742,3805,3720,3747,171441,0.0024077046548955927
2016-10-21,3724,3782,3387,3522,1048466,-0.06004803843074458
2016-10-24,3522,3603,3459,3491,249147,-0.008801817149346913
2016-10-25,3490,3508,3338,3388,293561,-0.02950443998854202
2016-10-26,3374,3387,3198,3257,423300,-0.038665879574970474
2016-10-27,3225,3387,3225,3374,134441,0.03592262818544678
2016-10-28,3410,3432,3261,3329,214089,-0.01333728512151744
2016-10-31,3284,3288,3064,3082,517882,-0.07419645539200959
2016-11-01,3019,3230,3019,3163,202803,0.026281635301752093
2016-11-02,3189,3189,3046,3055,119505,-0.03414479924122671
2016-11-03,2996,3117,2996,3015,192443,-0.013093289689034338
2016-11-04,2987,3284,2987,3158,311285,0.0474295190713101
2016-11-07,3189,3284,3162,3221,168155,0.019949335022166004
2016-11-08,3239,3279,3153,3217,111373,-0.0012418503570319483
2016-11-09,3234,3261,2713,2862,607842,-0.11035125893689768
2016-11-10,2933,3099,2933,3096,282089,0.08176100628930816
2016-11-11,3104,3135,3050,3100,125056,0.0012919896640826156
2016-11-14,3100,3198,3064,3181,146760,0.02612903225806451
2016-11-15,3122,3297,3095,3226,276140,0.014146494812951937
2016-11-16,3252,3356,3216,3239,570743,0.00402975821450724
2016-11-17,3234,3266,3180,3235,165270,-0.001234949058351309
2016-11-18,3252,3342,3230,3248,360081,0.004018547140649087
2016-11-21,3270,3459,3171,3459,546743,0.06496305418719217
2016-11-22,3414,3463,3275,3275,512154,-0.05319456490315122
2016-11-23,3302,3432,3158,3158,757778,-0.03572519083969461
2016-11-24,3171,3243,3113,3118,134320,-0.01266624445851805
2016-11-25,3055,3162,3050,3113,94119,-0.001603592046183433
2016-11-28,3108,3207,3073,3104,100041,-0.00289110183103114
2016-11-29,3104,3167,3082,3087,85448,-0.005476804123711321
2016-11-30,3100,3158,3082,3158,47503,0.022999676060900587
2016-12-01,3189,3189,3032,3064,144767,-0.029765674477517434
2016-12-02,3064,3104,3028,3055,55526,-0.002937336814621383
2016-12-05,3028,3077,2920,2920,118550,-0.04418985270049103
2016-12-06,2879,3032,2879,2920,111102,0.0
2016-12-07,2906,2960,2790,2875,162150,-0.015410958904109595
2016-12-08,2870,2965,2870,2902,66727,0.00939130434782598
2016-12-09,2911,2992,2911,2970,167974,0.023432115782219265
2016-12-12,2978,3131,2978,3109,239643,0.046801346801346844
2016-12-13,3117,3140,3068,3127,153073,0.005789642972016784
2016-12-14,3140,3162,3086,3122,81384,-0.001598976654940798
2016-12-15,3113,3225,3082,3203,169108,0.02594490711082642
2016-12-16,3216,3252,3126,3167,111656,-0.011239463003434258
2016-12-19,3167,3194,3131,3158,62336,-0.002841806125670976
2016-12-20,3185,3284,3144,3244,256100,0.027232425585813846
2016-12-21,3239,3275,3153,3163,129269,-0.02496917385943276
2016-12-22,3162,3203,3162,3176,76472,0.004110022130888291
2016-12-23,3185,3252,3176,3217,67004,0.012909319899244265
2016-12-26,3243,3243,3176,3190,96350,-0.008392912651538742
2016-12-27,3198,3288,3176,3199,150558,0.0028213166144199775
2016-12-28,3248,3320,3212,3298,197069,0.03094717099093458
2016-12-29,3320,3396,3279,3329,172245,0.009399636143117007
2017-01-02,3347,3360,3252,3271,103593,-0.017422649444277516
2017-01-03,3270,3347,3252,3343,97799,0.022011617242433612
2017-01-04,3342,3427,3324,3406,201201,0.018845348489380687
2017-01-05,3387,3432,3338,3388,118625,-0.005284791544333478
2017-01-06,3396,3414,3342,3370,109174,-0.005312868949232552
2017-01-09,3360,3401,3333,3365,68285,-0.0014836795252225476
2017-01-10,3342,3387,3270,3293,93308,-0.021396731054977747
2017-01-11,3297,3405,3293,3401,150363,0.032796841785605935
2017-01-12,3405,3423,3315,3325,147913,-0.022346368715083775
2017-01-13,3356,3356,3293,3307,96263,-0.005413533834586426
2017-01-16,3351,4065,3351,3531,10030183,0.06773510734804966
2017-01-17,3526,3612,3495,3522,1630834,-0.002548853016142716
2017-01-18,3522,3553,3436,3482,603949,-0.011357183418512218
2017-01-19,3486,3625,3472,3473,1029069,-0.00258472142446875
2017-01-20,3472,3481,3297,3325,742784,-0.04261445436222289
2017-01-23,3293,3320,3180,3181,438992,-0.04330827067669174
2017-01-24,3171,3239,3158,3163,200696,-0.005658597925180753
2017-01-25,3167,3248,3055,3073,311543,-0.028453999367688887
2017-01-26,3086,3153,3073,3145,114712,0.023429873088187447
2017-01-31,3162,3162,3055,3078,161429,-0.021303656597774223
2017-02-01,3095,3126,3055,3118,137506,0.01299545159194282
2017-02-02,3135,3135,3028,3028,259988,-0.028864656831302127
2017-02-03,3037,3100,2929,3010,210534,-0.005944517833553542
2017-02-06,2906,2929,2718,2772,807487,-0.07906976744186045
2017-02-07,2745,2830,2740,2821,237859,0.017676767676767735
2017-02-08,2794,2821,2740,2768,124701,-0.01878766394895426
2017-02-09,2767,2825,2767,2821,89878,0.019147398843930574
2017-02-10,2839,2848,2798,2812,92405,-0.0031903580290677525
2017-02-13,2821,3261,2781,2925,2843891,0.04018492176386923
2017-02-14,2920,2947,2839,2857,337705,-0.02324786324786321
2017-02-15,2879,2888,2830,2830,175087,-0.009450472523626186
2017-02-16,2843,2861,2763,2768,207902,-0.021908127208480566
2017-02-17,2790,2839,2767,2812,152059,0.01589595375722541
2017-02-20,2798,2857,2776,2848,114819,0.012802275960170695
2017-02-21,2848,2893,2790,2830,186684,-0.006320224719101097
2017-02-22,2830,2902,2816,2889,160093,0.020848056537102533
2017-02-23,2879,2911,2821,2844,249353,-0.015576323987538943
2017-02-24,2897,2897,2807,2812,174194,-0.011251758087201136
2017-02-27,2821,2852,2722,2750,296073,-0.02204836415362732
2017-02-28,2754,2807,2736,2754,122990,0.001454545454545375
2017-03-02,2745,2875,2745,2812,247577,0.021060275962236696
2017-03-03,2861,2861,2722,2763,183952,-0.017425320056899007
2017-03-06,2758,3117,2736,2745,1707200,-0.006514657980456029
2017-03-07,2745,2772,2736,2741,311215,-0.0014571948998178819
2017-03-08,2763,3037,2749,2835,1282483,0.034294053265231605
2017-03-09,2848,2857,2767,2768,389550,-0.023633156966490265
2017-03-10,2790,2830,2736,2736,299440,-0.011560693641618491
2017-03-13,2745,2902,2745,2781,467022,0.016447368421052655
2017-03-14,2807,2888,2790,2848,409697,0.024092053218266907
2017-03-15,2852,3445,2839,2970,9713805,0.0428370786516854
2017-03-16,3001,3019,2929,3019,915855,0.016498316498316568
2017-03-17,2996,3113,2942,2956,786818,-0.0208678370321298
2017-03-20,2974,2978,2857,2862,379052,-0.031799729364005436
2017-03-21,2861,3010,2839,2911,563508,0.01712089447938503
2017-03-22,2902,3014,2893,3015,426076,0.035726554448643144
2017-03-23,3014,3108,2924,3010,1130473,-0.0016583747927031434
2017-03-24,2992,3014,2929,2947,338431,-0.020930232558139528
2017-03-27,2938,2965,2861,2880,287040,-0.022734984730234165
2017-03-28,2870,2884,2821,2848,260422,-0.011111111111111072
2017-03-29,2852,2884,2821,2857,270297,0.003160112359550604
2017-03-30,2866,2960,2834,2952,318577,0.03325166258312917
2017-03-31,2951,2974,2911,2947,159591,-0.0016937669376694275
2017-04-03,2942,3019,2924,2992,269414,0.015269765863590079
2017-04-04,2969,3064,2938,2979,358164,-0.004344919786096302
2017-04-05,2987,3091,2969,3064,552503,0.028533064786841145
2017-04-06,3064,3064,2938,2956,461917,-0.03524804177545693
2017-04-07,2956,3028,2933,3010,257296,0.0182679296346413
2017-04-10,3010,3014,2879,2929,243190,-0.026910299003322313
2017-04-11,2897,2960,2825,2866,254272,-0.021509047456469754
2017-04-12,2861,2933,2812,2821,264688,-0.015701325889741824
2017-04-13,2798,3077,2798,2916,782137,0.03367600141793692
2017-04-14,2866,2911,2830,2844,167016,-0.024691358024691357
2017-04-17,2852,2893,2848,2848,144002,0.0014064697609001975
2017-04-18,2852,2888,2852,2884,106049,0.012640449438202195
2017-04-19,2902,3019,2870,2947,803967,0.02184466019417486
2017-04-20,2956,2992,2906,2947,228715,0.0
2017-04-21,2960,2965,2906,2929,153064,-0.006107906345436009
2017-04-24,2906,2929,2812,2812,261168,-0.03994537384772956
2017-04-25,2816,2861,2807,2844,166390,0.011379800853485111
2017-04-26,2843,2956,2830,2848,302087,0.0014064697609001975
2017-04-27,2857,2884,2839,2839,100298,-0.003160112359550604
2017-04-28,2843,2897,2821,2884,177706,0.01585065163790067
2017-05-02,2897,2978,2857,2857,463718,-0.009361997226074892
2017-05-04,2834,2884,2834,2853,125079,-0.0014000700035001756
2017-05-08,2852,2911,2830,2907,224579,0.018927444794952786
2017-05-10,2911,3001,2893,2902,413003,-0.0017199862401100496
2017-05-11,2902,2942,2893,2911,112826,0.003101309441764233
2017-05-12,2911,2933,2834,2862,188038,-0.016832703538303018
2017-05-15,2848,2861,2821,2830,147419,-0.011180992313067795
2017-05-16,2834,2861,2745,2768,263768,-0.021908127208480566
2017-05-17,2767,2803,2727,2777,192363,0.0032514450867051625
2017-05-18,2727,2767,2713,2754,145923,-0.008282319049333853
2017-05-19,2731,2790,2731,2777,98080,0.008351488743645552
2017-05-22,2781,2830,2758,2777,131846,0.0
2017-05-23,2767,2825,2767,2781,79458,0.0014404033129276073
2017-05-24,2776,2807,2772,2781,87633,0.0
2017-05-25,2785,2785,2749,2754,158194,-0.009708737864077666
2017-05-26,2740,2767,2740,2754,104001,0.0
2017-05-29,2740,2767,2731,2759,149297,0.0018155410312272746
2017-05-30,2763,2803,2749,2794,131155,0.012685755708589985
2017-05-31,2794,2794,2763,2763,90205,-0.011095204008589876
2017-06-01,2763,2785,2745,2772,109753,0.0032573289902280145
2017-06-02,2754,2781,2745,2763,73103,-0.0032467532467532756
2017-06-05,2781,2785,2740,2745,100384,-0.006514657980456029
2017-06-07,2740,2776,2740,2759,110280,0.0051001821493625865
2017-06-08,2767,2790,2758,2768,89562,0.0032620514679231327
2017-06-09,2758,2776,2740,2750,170990,-0.006502890173410436
2017-06-12,2754,2758,2655,2696,248984,-0.019636363636363674
2017-06-13,2695,2700,2628,2655,201033,-0.015207715133531141
2017-06-14,2655,2655,2551,2574,522332,-0.03050847457627115
2017-06-15,2556,2596,2551,2570,228204,-0.0015540015540015384
2017-06-16,2560,2740,2560,2651,726542,0.03151750972762657
2017-06-19,2650,2664,2596,2601,118901,-0.018860807242550015
2017-06-20,2601,2605,2533,2556,244393,-0.01730103806228378
2017-06-21,2547,2587,2511,2516,153545,-0.015649452269170583
2017-06-22,2520,2547,2493,2493,116413,-0.009141494435612074
2017-06-23,2493,2569,2493,2538,138659,0.018050541516245522
2017-06-26,2538,2547,2497,2498,70195,-0.01576044129235621
2017-06-27,2502,2524,2475,2498,120236,0.0
2017-06-28,2497,2515,2430,2440,221768,-0.023218574859887875
2017-06-29,2439,2453,2358,2372,185619,-0.02786885245901638
2017-06-30,2390,2763,2385,2453,2174841,0.03414839797639124
2017-07-03,2453,2466,2394,2422,122134,-0.012637586628618025
2017-07-04,2435,2435,2363,2363,176658,-0.02436003303055323
2017-07-05,2354,2417,2354,2399,51220,0.015234870926787991
2017-07-06,2376,2430,2376,2390,58855,-0.0037515631513130865
2017-07-07,2390,2466,2372,2431,105939,0.017154811715481166
2017-07-10,2421,2444,2372,2381,68433,-0.020567667626491204
2017-07-11,2363,2417,2268,2278,257397,-0.0432591348173037
2017-07-12,2277,2291,2228,2242,199707,-0.015803336259877065
2017-07-13,2219,2232,2107,2157,234645,-0.03791257805530779
2017-07-14,2147,2201,2138,2201,214710,0.020398701900788074
2017-07-17,2210,2259,2187,2237,129562,0.016356201726487996
2017-07-18,2259,2259,2165,2179,115929,-0.025927581582476544
2017-07-19,2165,2214,2143,2206,161863,0.012391005048187242
2017-07-20,2214,2228,2192,2224,64429,0.008159564823209342
2017-07-21,2223,2264,2174,2192,112925,-0.014388489208633115
2017-07-24,2174,2569,2170,2260,2415089,0.031021897810219023
2017-07-25,2277,2295,2228,2228,251300,-0.01415929203539823
2017-07-26,2228,2228,2111,2139,382867,-0.039946140035906685
2017-07-27,2116,2161,2111,2130,120718,-0.0042075736325385416
2017-07-28,2152,2152,2084,2085,122529,-0.021126760563380254
2017-07-31,2066,2129,2008,2112,175565,0.012949640287769792
2017-08-01,2138,2138,2080,2121,67484,0.0042613636363635354
2017-08-02,2116,2129,2084,2121,74262,0.0
2017-08-03,2125,2138,2053,2053,74990,-0.03206034889203202
2017-08-04,2030,2080,2021,2058,86434,0.00243546030199715
2017-08-07,2053,2084,2044,2080,45694,0.010689990281826933
2017-08-08,2084,2300,2062,2107,610260,0.012980769230769296
2017-08-09,2125,2125,2044,2053,118731,-0.025628856193640193
2017-08-10,2084,2125,2021,2031,105361,-0.010716025328787127
2017-08-11,1999,2026,1994,2017,114821,-0.006893156080748364
2017-08-14,1994,2107,1994,2008,217641,-0.004462072384729843
2017-08-16,2008,2062,2003,2008,99373,0.0
2017-08-17,2039,2071,2021,2053,49474,0.022410358565737143
2017-08-18,2066,2183,2035,2139,393485,0.041889917194349646
2017-08-21,2156,2187,2125,2130,167712,-0.0042075736325385416
2017-08-22,2143,2143,2089,2130,80071,0.0
2017-08-23,2129,2174,2093,2107,62194,-0.010798122065727722
2017-08-24,2107,2147,2089,2121,61822,0.006644518272425293
2017-08-25,2134,2143,2089,2103,57703,-0.008486562942008447
2017-08-28,2125,2125,2089,2112,35040,0.004279600570613384
2017-08-29,2125,2125,2066,2112,80019,0.0
2017-08-30,2111,2111,2071,2085,63006,-0.01278409090909094
2017-08-31,2107,2116,2066,2080,101133,-0.0023980815347721673
2017-09-01,2116,2183,2089,2125,257733,0.02163461538461542
2017-09-04,2066,2134,2021,2089,119808,-0.016941176470588237
2017-09-05,2093,2120,1949,1968,489142,-0.057922450933460934
2017-09-06,1976,2232,1940,2004,2682908,0.018292682926829285
2017-09-07,2003,2030,1972,1999,238531,-0.0024950099800399306
2017-09-08,1999,2017,1958,2008,179427,0.004502251125562795
2017-09-11,1990,2039,1990,1990,105314,-0.008964143426294813
2017-09-12,1958,2080,1949,2013,274407,0.01155778894472359
2017-09-13,2003,2017,1967,1968,258577,-0.02235469448584204
2017-09-14,1999,1999,1963,1981,66821,0.0066056910569105565
2017-09-15,1994,1999,1949,1981,84676,0.0
2017-09-18,1976,1999,1949,1959,93061,-0.011105502271580026
2017-09-19,1958,1967,1891,1941,125921,-0.009188361408882129
2017-09-20,1922,1967,1909,1923,86082,-0.009273570324574987
2017-09-21,1900,1913,1842,1842,147374,-0.04212168486739465
2017-09-22,1860,1860,1725,1770,202031,-0.039087947882736174
2017-09-25,1720,1774,1608,1608,378332,-0.09152542372881356
2017-09-26,1500,1680,1500,1644,271804,0.02238805970149249
2017-09-27,1635,1711,1626,1685,99790,0.024939172749391725
2017-09-28,1666,1833,1666,1698,206767,0.007715133531157381
2017-09-29,1725,1743,1689,1730,48202,0.018845700824499323
2017-10-10,1729,1765,1635,1667,70420,-0.03641618497109822
2017-10-11,1653,1815,1653,1743,421946,0.04559088182363524
2017-10-12,1765,1792,1725,1739,74658,-0.0022948938611588865
2017-10-13,1738,1765,1698,1743,60642,0.0023001725129385697
2017-10-16,1720,1752,1698,1716,80015,-0.015490533562822706
2017-10-17,1716,1815,1680,1784,151758,0.03962703962703973
2017-10-18,1783,1797,1707,1725,48909,-0.033071748878923724
2017-10-19,1725,1765,1702,1748,40409,0.01333333333333342
2017-10-20,1765,1774,1716,1716,23441,-0.01830663615560646
2017-10-23,1747,1765,1716,1734,24816,0.010489510489510412
2017-10-24,1761,1770,1698,1739,40939,0.0028835063437140374
2017-10-25,1752,1770,1729,1766,41215,0.015526164462334568
2017-10-26,1765,1792,1734,1766,43976,0.0
2017-10-27,1770,1877,1734,1793,134922,0.01528878822197055
2017-10-30,1815,1819,1774,1793,38468,0.0
2017-10-31,1765,1900,1765,1842,132400,0.027328499721137822
2017-11-01,1851,1877,1828,1878,76610,0.019543973941368087
2017-11-02,1855,1940,1855,1905,196873,0.01437699680511173
2017-11-03,1904,1904,1806,1847,102296,-0.030446194225721812
2017-11-06,1824,1846,1806,1806,47030,-0.02219815917704382
2017-11-07,1788,1873,1788,1829,65966,0.012735326688815052
2017-11-08,1806,1864,1783,1829,42585,0.0
2017-11-09,1797,1837,1788,1829,53994,0.0
2017-11-10,1806,1860,1797,1847,70495,0.009841443411700457
2017-11-13,1824,1846,1792,1806,106294,-0.02219815917704382
2017-11-14,1792,1842,1734,1811,201616,0.002768549280177224
2017-11-15,1824,1855,1725,1761,143924,-0.0276090557702926
2017-11-16,1779,1792,1711,1734,99638,-0.015332197614991494
2017-11-17,1720,1774,1716,1757,99548,0.013264129181084217
2017-11-20,1756,1779,1711,1734,91300,-0.013090495162208282
2017-11-21,1734,1756,1711,1734,108236,0.0
2017-11-22,1720,1734,1707,1725,91488,-0.00519031141868509
2017-11-23,1716,1797,1711,1761,140291,0.02086956521739136
2017-11-24,1752,1770,1707,1730,181465,-0.017603634298693938
2017-11-27,1743,2057,1716,1932,4283049,0.11676300578034682
2017-11-28,1936,1945,1842,1864,685855,-0.035196687370600444
2017-11-29,1882,2062,1824,1856,2962865,-0.0042918454935622075
2017-11-30,1860,1931,1792,1797,621699,-0.03178879310344829
2017-12-01,1797,1837,1734,1815,471412,0.01001669449081799
2017-12-04,1837,1842,1756,1824,178639,0.0049586776859504855
2017-12-05,1810,1990,1797,1891,557576,0.03673245614035081
2017-12-06,1895,1945,1855,1864,195564,-0.014278159703860371
2017-12-07,1868,1873,1797,1811,164353,-0.028433476394849833
2017-12-08,1810,1810,1617,1644,693495,-0.09221424627277752
2017-12-11,1635,1689,1603,1635,91065,-0.005474452554744547
2017-12-12,1635,1680,1608,1626,55250,-0.0055045871559632475
2017-12-13,1662,1684,1626,1644,62301,0.011070110701107083
2017-12-14,1644,1675,1617,1640,74118,-0.0024330900243308973
2017-12-15,1639,1639,1585,1626,116069,-0.008536585365853666
2017-12-18,1626,1644,1581,1631,127726,0.0030750307503075724
2017-12-19,1635,1693,1594,1649,201517,0.011036174126302978
2017-12-20,1671,1752,1630,1662,306509,0.007883565797452974
2017-12-21,1698,1698,1612,1622,139924,-0.024067388688327362
2017-12-22,1621,1621,1527,1595,193676,-0.016646115906288506
2017-12-26,1563,1617,1563,1595,84859,0.0
2017-12-27,1608,1635,1594,1604,61614,0.005642633228840177
2017-12-28,1603,1680,1603,1644,78060,0.02493765586034913
2018-01-02,1644,1680,1621,1649,93258,0.0030413625304135383
2018-01-03,1648,1792,1648,1725,339642,0.04608853850818684
2018-01-04,1711,1761,1684,1725,131975,0.0
2018-01-05,1734,1779,1711,1752,124494,0.01565217391304352
2018-01-08,1756,1761,1725,1743,92522,-0.005136986301369828
2018-01-09,1734,1868,1729,1829,1001820,0.049340218014916726
2018-01-10,1837,1837,1752,1770,297908,-0.032258064516129004
2018-01-11,1792,1806,1720,1739,137409,-0.017514124293785294
2018-01-12,1725,1734,1689,1725,141075,-0.008050603795284661
2018-01-15,1711,1734,1702,1703,54269,-0.012753623188405783
2018-01-16,1734,1734,1675,1689,74435,-0.00822078684674099
2018-01-17,1689,1761,1680,1698,130803,0.005328596802841812
2018-01-18,1693,1743,1693,1734,112611,0.021201413427561766
2018-01-19,1734,1765,1716,1730,83293,-0.0023068050749711633
2018-01-22,1743,1743,1684,1689,127796,-0.023699421965317935
2018-01-23,1684,1698,1671,1689,113194,0.0
2018-01-24,1689,1729,1675,1725,140421,0.02131438721136769
2018-01-25,1725,1779,1725,1775,206455,0.02898550724637672
2018-01-26,1788,1797,1761,1779,124551,0.0022535211267604716
2018-01-29,1797,1864,1779,1815,279378,0.02023608768971341
2018-01-30,1815,1842,1765,1793,155648,-0.012121212121212088
2018-01-31,1774,2102,1770,1950,3854165,0.08756274400446173
2018-02-01,1963,2008,1895,1959,660735,0.004615384615384688
2018-02-02,1990,2012,1895,1999,709536,0.020418580908626804
2018-02-05,1940,1945,1855,1856,372126,-0.071535767883942
2018-02-06,1797,1833,1716,1811,304812,-0.024245689655172376
2018-02-07,1828,1936,1788,1788,414551,-0.012700165654334628
2018-02-08,1788,1873,1788,1869,199945,0.04530201342281881
2018-02-09,1806,1846,1788,1824,157529,-0.024077046548956704
2018-02-12,1860,1895,1797,1856,192011,0.01754385964912286
2018-02-13,1837,1886,1779,1788,166113,-0.03663793103448276
2018-02-14,1819,1909,1806,1860,622068,0.04026845637583887
2018-02-19,1886,1994,1819,1914,918217,0.029032258064516148
2018-02-20,1927,1927,1868,1873,266779,-0.0214211076280042
2018-02-21,1877,1945,1855,1896,305713,0.012279765082754857
2018-02-22,1913,1913,1851,1851,143609,-0.02373417721518989
2018-02-23,1855,1873,1797,1797,211275,-0.02917341977309562
2018-02-26,1806,1824,1765,1806,155295,0.005008347245408995
2018-02-27,1815,1842,1792,1811,77023,0.002768549280177224
2018-02-28,1801,1842,1765,1779,203086,-0.017669795692987322
2018-03-02,1779,1797,1770,1788,69677,0.005059021922428242
2018-03-05,1810,1819,1729,1730,126628,-0.032438478747203625
2018-03-06,1738,1783,1720,1748,135456,0.010404624277456698
2018-03-07,1770,1900,1756,1811,657115,0.03604118993135019
2018-03-08,1824,1837,1779,1833,109386,0.012147984538928736
2018-03-09,1833,1842,1797,1824,114651,-0.004909983633387904
2018-03-12,1819,1846,1810,1838,159801,0.007675438596491224
2018-03-13,1842,1855,1806,1815,150111,-0.012513601741022895
2018-03-14,1801,1828,1797,1815,110178,0.0
2018-03-15,1819,1824,1797,1806,77874,-0.0049586776859503745
2018-03-16,1810,1824,1788,1806,112036,0.0
2018-03-19,1810,1810,1761,1761,159449,-0.02491694352159468
2018-03-20,1761,1774,1738,1752,104941,-0.005110732538330498
2018-03-21,1752,1774,1707,1712,156456,-0.022831050228310557
2018-03-22,1716,1734,1639,1653,249901,-0.0344626168224299
2018-03-23,1653,1675,1572,1590,207221,-0.038112522686025385
2018-03-26,1590,1608,1527,1599,116959,0.005660377358490676
2018-03-27,1617,1707,1581,1649,209385,0.031269543464665484
2018-03-28,1635,1662,1572,1617,121466,-0.01940570042449974
2018-03-29,1635,1635,1590,1617,38299,0.0
2018-03-30,1603,1635,1594,1604,88445,-0.008039579468150926
2018-04-02,1617,1617,1455,1456,654528,-0.0922693266832918
2018-04-03,1464,1514,1446,1474,190081,0.012362637362637319
2018-04-04,1464,1500,1442,1442,128322,-0.02170963364993217
2018-04-05,1473,1509,1460,1492,96326,0.03467406380027738
2018-04-06,1500,1563,1500,1514,194038,0.014745308310991856
2018-04-09,1500,1518,1464,1487,73419,-0.017833553500660515
2018-04-10,1500,1514,1455,1469,87608,-0.012104909213180859
2018-04-11,1469,1612,1455,1510,496150,0.02791014295439065
2018-04-12,1509,1563,1491,1519,191197,0.00596026490066226
2018-04-13,1554,1554,1509,1523,72370,0.0026333113890717463
2018-04-16,1536,1550,1505,1541,117321,0.011818778726198298
2018-04-17,1527,1545,1505,1532,112098,-0.005840363400389403
2018-04-18,1532,1541,1505,1523,136553,-0.005874673629242766
2018-04-19,1523,1523,1491,1514,79884,-0.005909389363099149
2018-04-20,1509,1572,1505,1546,188114,0.021136063408190298
2018-04-23,1558,1558,1514,1532,106373,-0.009055627425614499
2018-04-24,1550,1550,1509,1528,65724,-0.0026109660574412663
2018-04-25,1536,1576,1509,1523,133341,-0.00327225130890052
2018-04-26,1541,1882,1509,1653,4605013,0.08535784635587662
2018-04-27,1626,1662,1590,1604,572394,-0.029643073200241954
2018-04-30,1603,1671,1567,1653,474741,0.030548628428927582
2018-05-02,1653,1815,1644,1775,1071105,0.073805202661827
2018-05-03,1770,1770,1698,1725,297273,-0.028169014084507005
2018-05-04,1729,1851,1698,1802,1255921,0.04463768115942024
2018-05-08,1779,1846,1765,1788,504530,-0.007769145394006638
2018-05-09,1765,2322,1765,2323,15180980,0.29921700223713654
2018-05-10,2345,2426,2170,2233,6854772,-0.03874300473525616
2018-05-11,2232,2246,2111,2183,3185163,-0.022391401701746583
2018-05-14,2170,2295,2147,2246,2574014,0.028859367842418715
2018-05-15,2246,2246,2138,2206,1051847,-0.0178094390026714
2018-05-16,2075,2156,1994,2157,1326094,-0.022212148685403443
2018-05-17,2192,2232,2089,2170,986137,0.006026889197960239
2018-05-18,2169,2178,2071,2107,675813,-0.029032258064516148
2018-05-21,2143,2300,2098,2237,2241195,0.0616990982439487
2018-05-23,2205,2210,2111,2170,651658,-0.029950827000447044
2018-05-24,2156,2170,2035,2053,620483,-0.053917050691244195
2018-05-25,1842,2008,1842,1959,781186,-0.045786653677545086
2018-05-28,2026,2107,1972,2035,756244,0.03879530372639106
2018-05-29,2030,2035,1900,1932,669300,-0.05061425061425062
2018-05-30,1931,1963,1868,1878,448630,-0.02795031055900621
2018-05-31,1936,1954,1860,1905,312401,0.01437699680511173
2018-06-01,1868,1958,1851,1927,213454,0.011548556430446277
2018-06-04,1931,1972,1895,1909,246005,-0.009340944473274493
2018-06-05,1904,1949,1882,1941,236448,0.01676270298585636
2018-06-07,1936,1999,1931,1986,289135,0.023183925811437467
2018-06-08,1972,1981,1909,1918,201821,-0.03423967774420944
2018-06-11,1936,1936,1891,1918,159215,0.0
2018-06-12,1976,2003,1900,1900,406653,-0.009384775808133461
2018-06-14,1886,1922,1797,1851,328127,-0.025789473684210473
2018-06-15,1864,1949,1783,1923,172058,0.03889789303079416
2018-06-18,1873,1936,1815,1869,184503,-0.02808112324492984
2018-06-19,1842,1882,1770,1770,200845,-0.052969502407704705
2018-06-20,1716,1837,1716,1833,199324,0.035593220338983045
2018-06-21,1815,1860,1788,1802,83518,-0.016912165848336103
2018-06-22,1792,1868,1783,1806,109497,0.002219755826859071
2018-06-25,1837,1981,1774,1927,875858,0.06699889258028802
2018-06-26,1918,1922,1868,1923,240752,-0.002075765438505406
2018-06-27,1922,1976,1873,1896,543440,-0.01404056162246492
2018-06-28,1868,1877,1788,1788,322881,-0.05696202531645567
2018-06-29,1788,1815,1720,1779,198007,-0.005033557046979831
2018-07-02,1792,1797,1617,1631,361216,-0.0831928049465992
2018-07-03,1608,1761,1581,1761,232091,0.07970570202329852
2018-07-04,1698,1720,1648,1653,165591,-0.061328790459965976
2018-07-05,1653,1707,1612,1658,98444,0.003024803387779773
2018-07-06,1657,1675,1599,1658,64703,0.0
2018-07-09,1675,1689,1630,1671,64911,0.007840772014475306
2018-07-10,1680,1752,1657,1725,111338,0.032315978456014305
2018-07-11,1707,1895,1698,1815,759531,0.05217391304347818
2018-07-12,1779,1801,1761,1761,113070,-0.02975206611570247
2018-07-13,1761,1922,1752,1873,709626,0.06360022714366842
2018-07-16,1868,1976,1828,1869,1099460,-0.0021356113187399606
2018-07-17,1846,1860,1797,1806,253565,-0.0337078651685393
2018-07-18,1806,1833,1765,1770,177805,-0.019933554817275767
2018-07-19,1797,1922,1752,1842,440718,0.04067796610169494
2018-07-20,1895,2021,1819,1873,2267515,0.016829533116178075
2018-07-23,1895,2111,1752,1775,2802004,-0.052322477309129756
2018-07-24,1752,1815,1752,1779,230478,0.0022535211267604716
2018-07-25,1770,1783,1675,1712,370167,-0.037661607644744244
2018-07-26,1711,1734,1680,1707,138055,-0.0029205607476635587
2018-07-27,1707,1806,1671,1757,393436,0.029291154071470427
2018-07-30,1734,1815,1716,1793,262863,0.020489470688673794
2018-07-31,1797,1801,1756,1784,96661,-0.005019520356943641
2018-08-01,1797,1909,1783,1815,511149,0.017376681614349687
2018-08-02,1819,1837,1797,1833,149841,0.009917355371900749
2018-08-03,1868,1868,1806,1820,114258,-0.007092198581560294
2018-08-06,1819,1913,1797,1838,341014,0.009890109890109855
2018-08-07,1837,1851,1797,1820,96246,-0.009793253536452662
2018-08-08,1837,1837,1774,1806,171170,-0.007692307692307665
2018-08-09,1806,1860,1797,1833,183037,0.014950166112956742
2018-08-10,1828,1855,1810,1811,169252,-0.012002182214948198
2018-08-13,1797,1806,1684,1703,331121,-0.059635560463832116
2018-08-14,1702,1752,1680,1707,65913,0.0023487962419259656
2018-08-16,1774,1842,1689,1770,550478,0.03690685413005279
2018-08-17,1738,1806,1734,1766,167692,-0.002259887005649719
2018-08-20,1765,1801,1752,1784,92484,0.010192525481313774
2018-08-21,1797,1828,1792,1797,142754,0.007286995515695116
2018-08-22,1819,1837,1783,1806,159766,0.005008347245408995
2018-08-23,1846,1855,1801,1815,157826,0.004983388704318914
2018-08-24,1815,1837,1779,1811,107038,-0.0022038567493113392
2018-08-27,1810,1855,1774,1842,205969,0.01711761457758154
2018-08-28,1842,1860,1806,1815,125129,-0.014657980456026065
2018-08-29,1815,1846,1810,1842,111493,0.014876033057851235
2018-08-30,1842,1936,1815,1896,626271,0.02931596091205213
2018-08-31,1895,2084,1886,2026,3998761,0.06856540084388185
2018-09-03,2012,2057,1949,2044,757964,0.008884501480750151
2018-09-04,2044,2107,2008,2044,790622,0.0
2018-09-05,2080,2107,2008,2013,623157,-0.015166340508806275
2018-09-06,2003,2030,1940,1977,482950,-0.01788375558867361
2018-09-07,1967,1990,1882,1932,422405,-0.022761760242792084
2018-09-10,1909,2021,1904,1990,386438,0.03002070393374745
2018-09-11,2003,2084,1958,1986,690094,-0.0020100502512563345
2018-09-12,1985,2017,1922,1972,244321,-0.007049345417925457
2018-09-13,1958,2048,1940,1977,368777,0.002535496957403627
2018-09-14,1994,2062,1967,1968,411914,-0.004552352048558417
2018-09-17,1967,1990,1864,1887,389711,-0.041158536585365835
2018-09-18,1877,1927,1842,1896,144560,0.004769475357710551
2018-09-19,1891,1927,1842,1842,232200,-0.02848101265822789
2018-09-20,1828,1859,1761,1788,534033,-0.02931596091205213
2018-09-21,1797,1824,1752,1793,176248,0.002796420581655523
2018-09-27,1788,1810,1774,1775,130117,-0.010039040713887393
2018-09-28,1788,1788,1716,1721,298704,-0.030422535211267587
2018-10-01,1716,1729,1671,1730,269037,0.005229517722254551
2018-10-02,1725,1765,1698,1725,129974,-0.0028901734104046506
2018-10-04,1747,1747,1680,1689,115054,-0.02086956521739125
2018-10-05,1693,1693,1635,1640,159876,-0.02901124925991716
2018-10-08,1639,1684,1612,1617,88088,-0.014024390243902451
2018-10-10,1635,1644,1554,1563,201888,-0.033395176252319136
2018-10-11,1509,1585,1437,1510,197001,-0.03390914907229692
2018-10-12,1424,1563,1424,1546,151346,0.02384105960264904
2018-10-15,1545,1599,1518,1546,83458,0.0
2018-10-16,1514,1563,1514,1554,72148,0.005174644243208348
2018-10-17,1558,1581,1541,1550,93044,-0.002574002574002532
2018-10-18,1563,1563,1527,1546,40767,-0.002580645161290307
2018-10-19,1536,1563,1523,1550,94620,0.002587322121604174
2018-10-22,1563,1563,1514,1519,75621,-0.020000000000000018
2018-10-23,1527,1527,1473,1478,117986,-0.02699144173798551
2018-10-24,1491,1518,1428,1438,101309,-0.02706359945872805
2018-10-25,1392,1437,1325,1402,158513,-0.025034770514603566
2018-10-26,1437,1451,1307,1352,194569,-0.03566333808844513
2018-10-29,1329,1446,1289,1289,389260,-0.04659763313609466
2018-10-30,1213,1356,1213,1343,196112,0.04189294026377044
2018-10-31,1311,1424,1311,1411,77998,0.05063291139240511
2018-11-01,1415,1451,1401,1420,65569,0.006378454996456506
2018-11-02,1410,1455,1410,1456,101343,0.025352112676056304
2018-11-05,1464,1464,1392,1442,67323,-0.009615384615384581
2018-11-06,1473,1473,1419,1451,70826,0.006241331484049928
2018-11-07,1473,1487,1437,1456,97718,0.00344589937973816
2018-11-08,1478,1550,1455,1465,124519,0.006181318681318659
2018-11-09,1491,1608,1469,1546,411801,0.05529010238907839
2018-11-12,1532,1590,1509,1523,191817,-0.01487710219922378
2018-11-13,1491,1550,1464,1550,168760,0.017728168089297336
2018-11-14,1545,1698,1527,1572,531454,0.014193548387096744
2018-11-15,1572,1635,1572,1586,129964,0.008905852417302906
2018-11-16,1626,1626,1545,1595,120736,0.005674653215636871
2018-11-19,1608,1635,1563,1599,145147,0.0025078369905955356
2018-11-20,1581,1630,1554,1599,135731,0.0
2018-11-21,1558,1626,1536,1608,159190,0.0056285178236397115
2018-11-22,1608,1626,1576,1577,79868,-0.01927860696517414
2018-11-23,1608,1617,1572,1586,66840,0.005707038681040055
2018-11-26,1608,1608,1554,1599,158665,0.008196721311475308
2018-11-27,1617,1648,1572,1617,211757,0.011257035647279645
2018-11-28,1626,1648,1603,1617,102853,0.0
2018-11-29,1675,1698,1603,1649,252810,0.019789734075448262
2018-11-30,1626,1725,1626,1707,229817,0.0351728320194058
2018-12-03,1707,1752,1617,1671,265894,-0.02108963093145866
2018-12-04,1693,1698,1648,1658,94577,-0.007779772591262724
2018-12-05,1621,1675,1621,1653,42623,-0.003015681544028981
2018-12-06,1653,1680,1572,1617,177404,-0.02177858439201452
2018-12-07,1626,1666,1617,1653,66176,0.02226345083487935
2018-12-10,1648,1725,1585,1617,170113,-0.02177858439201452
2018-12-11,1662,1855,1599,1599,1114028,-0.011131725417439675
2018-12-12,1594,1635,1572,1586,144287,-0.008130081300813052
2018-12-13,1594,1626,1581,1604,72407,0.011349306431273742
2018-12-14,1635,1635,1563,1568,79146,-0.02244389027431426
2018-12-17,1581,1608,1500,1532,143507,-0.022959183673469385
2018-12-18,1527,1657,1514,1537,360395,0.0032637075718016106
2018-12-19,1554,1572,1523,1532,117824,-0.003253090435914152
2018-12-20,1532,1558,1509,1528,65860,-0.0026109660574412663
2018-12-21,1532,1567,1527,1559,54289,0.020287958115183136
2018-12-24,1567,1567,1518,1528,91420,-0.019884541372674813
2018-12-26,1514,1541,1491,1496,61286,-0.020942408376963373
2018-12-27,1523,1541,1509,1519,37871,0.015374331550802145
2018-12-28,1527,1572,1527,1563,50709,0.02896642527978943
2019-01-02,1576,1576,1541,1554,47496,-0.0057581573896353655
2019-01-03,1554,1567,1509,1528,86228,-0.016731016731016735
2019-01-04,1509,1576,1482,1572,65731,0.028795811518324665
2019-01-07,1576,1680,1554,1658,245997,0.05470737913486001
2019-01-08,1680,1698,1603,1667,98928,0.005428226779252032
2019-01-09,1662,1666,1576,1640,201162,-0.016196760647870456
2019-01-10,1644,1671,1639,1671,48131,0.01890243902439015
2019-01-11,1689,1797,1657,1707,413625,0.021543985637342944
2019-01-14,1720,1720,1635,1662,115965,-0.026362038664323406
2019-01-15,1644,1698,1644,1667,57812,0.0030084235860408093
2019-01-16,1684,1684,1653,1662,65989,-0.0029994001199760145
2019-01-17,1662,1734,1662,1734,163215,0.04332129963898912
2019-01-18,1761,1877,1725,1842,820425,0.06228373702422152
2019-01-21,1868,1868,1779,1802,358453,-0.021715526601520097
2019-01-22,1797,1842,1752,1770,162152,-0.017758046614872347
2019-01-23,1774,1851,1752,1770,270082,0.0
2019-01-24,1810,1810,1761,1779,85935,0.005084745762711895
2019-01-25,1797,1797,1734,1797,108747,0.010118043844856706
2019-01-28,1801,1842,1761,1788,138139,-0.005008347245408995
2019-01-29,1797,1797,1716,1775,135393,-0.007270693512304249
2019-01-30,1761,1779,1747,1757,45956,-0.010140845070422566
2019-01-31,1756,1837,1644,1838,470293,0.04610130904951615
2019-02-01,1851,1882,1756,1784,295158,-0.029379760609357986
2019-02-07,1792,1909,1792,1891,704402,0.059977578475336246
2019-02-08,1895,1927,1868,1896,286018,0.0026441036488631386
2019-02-11,1900,1922,1859,1914,188453,0.009493670886076
2019-02-12,1918,1931,1877,1918,122525,0.002089864158829613
2019-02-13,1922,1954,1886,1918,233694,0.0
2019-02-14,1918,1931,1864,1927,169623,0.004692387904066786
2019-02-15,1927,1972,1851,1972,284577,0.023352361183186288
2019-02-18,1972,1972,1904,1918,142145,-0.02738336713995948
2019-02-19,1904,1927,1882,1918,168774,0.0
2019-02-20,1954,1954,1900,1909,97725,-0.004692387904066786
2019-02-21,1913,1976,1859,1878,217825,-0.01623886851754841
2019-02-22,1864,1904,1797,1878,142959,0.0
2019-02-25,1918,1918,1855,1878,125688,0.0
2019-02-26,1828,1895,1797,1833,284107,-0.02396166134185307
2019-02-27,1842,1855,1779,1797,271162,-0.019639934533551506
2019-02-28,1797,1819,1662,1698,283126,-0.05509181969949917
2019-03-04,1689,1877,1653,1802,277942,0.06124852767962308
2019-03-05,1801,1855,1774,1856,166721,0.029966703662597016
2019-03-06,1833,1895,1819,1864,170168,0.004310344827586299
2019-03-07,1891,1904,1833,1860,209829,-0.0021459227467811592
2019-03-08,1882,1882,1761,1802,107347,-0.03118279569892468
2019-03-11,1824,1873,1734,1869,180628,0.037180910099889
2019-03-12,1882,1891,1846,1851,120468,-0.009630818619582704
2019-03-13,1855,1864,1801,1806,108576,-0.024311183144246407
2019-03-14,1833,1837,1779,1838,77635,0.017718715393133966
2019-03-15,1801,1846,1797,1806,60708,-0.017410228509249226
2019-03-18,1837,1877,1774,1869,91441,0.03488372093023262
2019-03-19,1855,1931,1842,1887,267053,0.009630818619582593
2019-03-20,1868,1954,1855,1918,254628,0.016428192898781058
2019-03-21,1900,1972,1886,1887,346428,-0.016162669447341016
2019-03-22,1886,1931,1864,1878,162200,-0.004769475357710662
2019-03-25,1851,1868,1783,1784,174751,-0.050053248136315176
2019-03-26,1792,1846,1783,1847,76572,0.03531390134529144
2019-03-27,1931,1967,1868,1891,302386,0.02382241472658375
2019-03-28,1895,1927,1868,1887,77981,-0.0021152829190904665
2019-03-29,1895,1913,1788,1860,151042,-0.014308426073131986
2019-04-01,1842,1882,1819,1878,96168,0.00967741935483879
2019-04-02,1886,1913,1833,1833,81550,-0.02396166134185307
2019-04-03,1873,1873,1819,1838,77670,0.0027277686852154037
2019-04-04,1842,1873,1842,1864,70766,0.014145810663764857
2019-04-05,1886,1940,1824,1905,319576,0.021995708154506355
2019-04-08,1949,1958,1873,1896,148055,-0.0047244094488189115
2019-04-09,1900,1918,1882,1896,122050,0.0
2019-04-10,1891,2057,1837,1856,1099113,-0.021097046413502074
2019-04-11,1864,1913,1797,1820,496999,-0.0193965517241379
2019-04-12,1819,1842,1801,1820,92238,0.0
2019-04-15,1824,1833,1783,1824,210429,0.00219780219780219
2019-04-16,1806,1837,1779,1820,123816,-0.002192982456140302
2019-04-17,1819,1833,1792,1806,89662,-0.007692307692307665
2019-04-18,1833,1833,1779,1784,102067,-0.01218161683277963
2019-04-19,1783,1815,1761,1770,106767,-0.007847533632286963
2019-04-22,1774,1797,1738,1752,124182,-0.01016949152542368
2019-04-23,1752,1770,1684,1730,183180,-0.01255707762557079
2019-04-24,1738,1909,1729,1766,772001,0.020809248554913395
2019-04-25,1792,1792,1707,1716,126393,-0.028312570781426905
2019-04-26,1693,1738,1603,1676,479525,-0.023310023310023298
2019-04-29,1662,1720,1662,1685,125283,0.005369928400954738
2019-04-30,1815,1990,1743,1860,5087347,0.10385756676557856
2019-05-02,1828,2107,1783,2058,6367555,0.1064516129032258
2019-05-03,1994,2053,1868,1932,1983540,-0.061224489795918324
2019-05-07,1904,1909,1761,1806,981348,-0.06521739130434778
2019-05-08,1797,2318,1792,1995,13746025,0.10465116279069764
2019-05-09,2003,2192,1895,2022,7950617,0.013533834586466176
2019-05-10,2358,2628,2345,2628,3339661,0.2997032640949555
2019-05-13,3234,3284,2650,2983,26176814,0.13508371385083717
2019-05-14,2772,3275,2430,3019,25655866,0.012068387529332814
2019-05-15,3050,3077,2695,2696,7041583,-0.10698906922822127
2019-05-16,2444,2551,2250,2390,7393815,-0.11350148367952517
2019-05-17,2574,2830,2408,2417,9999380,0.011297071129707126
2019-05-20,2367,2367,2192,2237,3351082,-0.07447248655357885
2019-05-21,2273,2731,2232,2377,13359418,0.06258381761287435
2019-05-22,2381,3086,2219,3087,17404541,0.2986958350862432
2019-05-23,2915,3445,2628,2965,38019307,-0.03952057013281507
2019-05-24,2906,3225,2767,2839,15211385,-0.04249578414839794
2019-05-27,2888,3023,2731,2848,6856170,0.0031701303275801784
2019-05-28,2686,2727,2560,2624,5740137,-0.0786516853932584
2019-05-29,2781,2983,2497,2516,18470244,-0.041158536585365835
2019-05-30,2587,2709,2515,2561,4667794,0.0178855325914149
2019-05-31,2601,2601,2381,2467,3131710,-0.03670441233893007
2019-06-03,1842,2210,1833,1995,14842665,-0.1913254965545197
2019-06-04,2057,2057,1855,1878,4460443,-0.05864661654135339
2019-06-05,1904,2003,1864,1873,5916805,-0.0026624068157614644
2019-06-07,1877,1895,1806,1847,3191946,-0.01388147357180991
2019-06-10,1851,1860,1810,1824,1974322,-0.012452625879805113
2019-06-11,1837,1904,1819,1842,3699631,0.009868421052631637
2019-06-12,1842,1846,1752,1779,2288080,-0.03420195439739415
2019-06-13,1747,1828,1743,1784,2554068,0.0028105677346823565
2019-06-14,1765,1801,1612,1716,5444900,-0.03811659192825112
2019-06-17,1680,1729,1639,1653,1471782,-0.036713286713286664
2019-06-18,1671,1770,1657,1685,3989412,0.019358741681790637
2019-06-19,1680,1716,1653,1662,1198055,-0.01364985163204746
2019-06-20,1707,1738,1653,1662,1266819,0.0
2019-06-21,1653,1711,1621,1644,1194720,-0.010830324909747335
2019-06-24,1666,1680,1621,1649,984310,0.0030413625304135383
2019-06-25,1648,1666,1572,1586,1127234,-0.03820497271073375
2019-06-26,1594,1594,1536,1559,864721,-0.017023959646910503
2019-06-27,1554,1585,1500,1501,694013,-0.037203335471456045
2019-06-28,1505,1743,1482,1572,11467030,0.047301798800799544
2019-07-01,1554,1630,1505,1537,2479479,-0.022264631043257044
2019-07-02,1545,1599,1509,1550,1717314,0.008458035133376729
2019-07-03,1635,1715,1565,1605,2766359,0.03548387096774186
2019-07-04,1605,1605,1430,1465,2093111,-0.08722741433021808
2019-07-05,1465,1525,1430,1500,1367870,0.023890784982935065
2019-07-08,1480,1500,1400,1420,745712,-0.053333333333333344
2019-07-09,1460,1540,1430,1440,1255212,0.014084507042253502
2019-07-10,1455,1525,1445,1505,835960,0.04513888888888884
2019-07-11,1520,1615,1505,1540,1657097,0.023255813953488413
2019-07-12,1540,1870,1440,1740,18566228,0.1298701298701299
2019-07-15,1730,1740,1625,1625,2534673,-0.06609195402298851
2019-07-16,1685,1860,1665,1785,9167638,0.09846153846153838
2019-07-17,1815,1860,1715,1760,2978201,-0.014005602240896309
2019-07-18,1725,1735,1615,1635,2179221,-0.07102272727272729
2019-07-19,1625,1685,1600,1665,1549465,0.0183486238532109
2019-07-22,1665,1670,1560,1590,1286324,-0.04504504504504503
2019-07-23,1590,1830,1535,1690,9872311,0.06289308176100628
2019-07-24,1640,1775,1605,1630,6888599,-0.035502958579881616
2019-07-25,1590,1595,1425,1485,4646705,-0.08895705521472397
2019-07-26,1520,1525,1400,1405,1660946,-0.05387205387205385
2019-07-29,1410,1450,1270,1280,1838880,-0.08896797153024916
2019-07-30,1255,1460,1225,1365,2988706,0.06640625
2019-07-31,1365,1375,1255,1325,1415608,-0.02930402930402931
2019-08-01,1320,1400,1250,1320,1655377,-0.0037735849056603765
2019-08-02,1285,1350,1230,1235,782204,-0.06439393939393945
2019-08-05,1245,1280,1080,1080,1498986,-0.1255060728744939
2019-08-06,1030,1190,993,1085,2361437,0.004629629629629539
2019-08-07,1110,1155,1075,1140,1385193,0.05069124423963123
2019-08-08,1180,1215,1125,1180,1029949,0.03508771929824572
2019-08-09,1340,1430,1210,1250,4218245,0.05932203389830515
2019-08-12,1230,1280,1205,1245,765440,-0.0040000000000000036
2019-08-13,1255,1280,1215,1215,893093,-0.02409638554216864
2019-08-14,1215,1240,1200,1225,625318,0.008230452674897082
2019-08-16,1200,1340,1155,1200,2235826,-0.020408163265306145
2019-08-19,1220,1240,1200,1225,532531,0.02083333333333326
2019-08-20,1230,1300,1225,1290,1235048,0.05306122448979589
2019-08-21,1310,1310,1260,1285,632803,-0.003875968992248069
2019-08-22,1285,1330,1270,1270,730609,-0.011673151750972721
2019-08-23,1240,1275,1230,1245,367184,-0.019685039370078705
2019-08-26,1220,1275,1180,1190,623945,-0.04417670682730923
2019-08-27,1190,1335,1175,1190,3358010,0.0
2019-08-28,1050,1130,1030,1120,6497831,-0.05882352941176472
2019-08-29,1110,1110,1025,1045,2260623,-0.0669642857142857
2019-08-30,1055,1085,1025,1075,2337698,0.028708133971291794
2019-09-02,1075,1120,1060,1110,1228774,0.032558139534883734
2019-09-03,1105,1295,1085,1200,13604545,0.08108108108108114
2019-09-04,1170,1220,1150,1165,2488027,-0.029166666666666674
2019-09-05,1175,1230,1155,1215,3181797,0.0429184549356223
2019-09-06,1210,1220,1155,1155,2336218,-0.04938271604938271
2019-09-09,1160,1160,1110,1120,1231633,-0.030303030303030276
2019-09-10,1130,1135,1105,1115,650701,-0.004464285714285698
2019-09-11,1120,1155,1110,1140,683284,0.022421524663677195
2019-09-16,1135,1180,1125,1160,746705,0.01754385964912286
2019-09-17,1160,1180,1125,1170,1058148,0.008620689655172376
2019-09-18,1175,1185,1145,1160,651953,-0.008547008547008517
2019-09-19,1170,1200,1165,1175,1100813,0.012931034482758674
2019-09-20,1185,1230,1175,1200,1687834,0.02127659574468077
2019-09-23,1200,1230,1160,1170,1207824,-0.025000000000000022
2019-09-24,1175,1235,1160,1190,2851929,0.017094017094017033
2019-09-25,1200,1205,1140,1145,1144871,-0.037815126050420145
2019-09-26,1160,1185,1130,1130,1509460,-0.013100436681222738
2019-09-27,1140,1165,1125,1140,888717,0.008849557522123908
2019-09-30,1140,1145,1025,1105,1212272,-0.030701754385964897
2019-10-01,1105,1110,1060,1095,717074,-0.009049773755656076
2019-10-02,1080,1095,1050,1055,891576,-0.0365296803652968
2019-10-04,1060,1110,1060,1070,699373,0.014218009478673022
2019-10-07,1080,1085,1025,1035,743580,-0.032710280373831724
2019-10-08,1025,1055,1025,1055,607961,0.019323671497584627
2019-10-10,1055,1075,1030,1065,520322,0.009478672985782088
2019-10-11,1080,1090,1045,1060,549673,-0.0046948356807511304
2019-10-14,1065,1085,1060,1075,407428,0.014150943396226356
2019-10-15,1070,1085,1060,1070,483197,-0.0046511627906976605
2019-10-16,1075,1390,1065,1235,27297625,0.1542056074766356
2019-10-17,1235,1375,1160,1275,20572821,0.03238866396761142
2019-10-18,1280,1290,1185,1190,4586510,-0.06666666666666665
2019-10-21,1180,1215,1145,1195,2385970,0.004201680672268893
2019-10-22,1205,1220,1155,1190,1610497,-0.004184100418409997
2019-10-23,1195,1195,1155,1175,1108808,-0.012605042016806678
2019-10-24,1175,1175,1120,1145,1183755,-0.025531914893617058
2019-10-25,1170,1170,1120,1120,979307,-0.02183406113537123
2019-10-28,1120,1165,1105,1145,638693,0.022321428571428603
2019-10-29,1140,1175,1135,1145,613462,0.0
2019-10-30,1145,1155,1125,1135,536975,-0.008733624454148492
2019-10-31,1160,1215,1125,1200,4286432,0.05726872246696035
2019-11-01,1175,1250,1140,1185,3524422,-0.012499999999999956
2019-11-04,1190,1215,1170,1195,1060121,0.00843881856540074
2019-11-05,1195,1245,1185,1190,2299824,-0.004184100418409997
2019-11-06,1180,1205,1170,1180,1022475,-0.008403361344537785
2019-11-07,1165,1185,1115,1120,1424430,-0.05084745762711862
2019-11-08,1135,1155,1125,1130,653852,0.008928571428571397
2019-11-11,1130,1160,1130,1130,698722,0.0
2019-11-12,1145,1150,1125,1125,583109,-0.004424778761061954
2019-11-13,1140,1165,1130,1165,668518,0.03555555555555556
2019-11-14,1180,1215,1160,1175,1822771,0.008583690987124415
2019-11-15,1170,1185,1110,1115,1475980,-0.051063829787234005
2019-11-18,1130,1140,1115,1120,692231,0.004484304932735439
2019-11-19,1130,1165,1115,1165,929239,0.0401785714285714
2019-11-20,1165,1170,1105,1110,1137889,-0.047210300429184504
2019-11-21,1110,1115,1035,1045,1133181,-0.058558558558558516
2019-11-22,1040,1080,1030,1050,591393,0.004784688995215225
2019-11-25,1050,1085,1050,1070,242008,0.01904761904761898
2019-11-26,1095,1095,1065,1080,306828,0.009345794392523255
2019-11-27,1075,1090,1045,1065,357915,-0.01388888888888884
2019-11-28,1065,1140,1050,1050,1586372,-0.014084507042253502
2019-11-29,1055,1060,1030,1045,444584,-0.004761904761904745
2019-12-02,1045,1060,1040,1040,233468,-0.004784688995215336
2019-12-03,1040,1045,1020,1040,310511,0.0
2019-12-04,1030,1045,1025,1030,173849,-0.009615384615384581
2019-12-05,1030,1060,1000,1025,598064,-0.004854368932038833
2019-12-06,1020,1030,1000,1020,478915,-0.004878048780487809
2019-12-09,1045,1165,1025,1095,4238352,0.07352941176470584
2019-12-10,1135,1200,1060,1090,3057237,-0.004566210045662156
2019-12-11,1090,1120,1090,1105,610311,0.013761467889908285
2019-12-12,1105,1130,1090,1110,494443,0.004524886877828038
2019-12-13,1130,1130,1100,1105,559019,-0.0045045045045044585
2019-12-16,1110,1125,1085,1115,437540,0.009049773755656076
2019-12-17,1115,1120,1095,1105,423993,-0.008968609865470878
2019-12-18,1105,1110,1080,1095,345413,-0.009049773755656076
2019-12-19,1100,1105,1065,1065,403650,-0.0273972602739726
2019-12-20,1070,1080,1065,1080,276912,0.014084507042253502
2019-12-23,1085,1085,1040,1040,503570,-0.03703703703703709
2019-12-24,1040,1055,1025,1030,445486,-0.009615384615384581
2019-12-26,1035,1050,1025,1030,296434,0.0
2019-12-27,1025,1065,1025,1045,508363,0.014563106796116498
2019-12-30,1050,1075,1045,1070,280276,0.02392344497607657
2020-01-02,1070,1115,1060,1100,967400,0.028037383177569986
2020-01-03,1100,1110,1065,1080,463192,-0.018181818181818188
2020-01-06,1055,1070,1030,1040,728700,-0.03703703703703709
2020-01-07,1040,1065,1040,1050,196280,0.009615384615384581
2020-01-08,1045,1055,1000,1005,793639,-0.042857142857142816
2020-01-09,1030,1050,1030,1040,307184,0.03482587064676612
2020-01-10,1040,1080,1040,1065,417788,0.024038461538461453
2020-01-13,1055,1125,1055,1110,843053,0.04225352112676051
2020-01-14,1115,1130,1090,1105,419566,-0.0045045045045044585
2020-01-15,1095,1125,1085,1115,451193,0.009049773755656076
2020-01-16,1130,1130,1100,1105,348498,-0.008968609865470878
2020-01-17,1105,1120,1100,1105,221364,0.0
2020-01-20,1110,1120,1095,1115,341189,0.009049773755656076
2020-01-21,1125,1255,1090,1255,5653547,0.12556053811659185
2020-01-22,1220,1225,1165,1175,2989941,-0.06374501992031878
2020-01-23,1180,1195,1115,1140,1574639,-0.029787234042553234
2020-01-28,1080,1095,1040,1055,1341264,-0.07456140350877194
2020-01-29,1065,1090,1055,1070,604351,0.014218009478673022
2020-01-30,1065,1070,1030,1035,765411,-0.032710280373831724
2020-01-31,1025,1060,1005,1010,914198,-0.024154589371980673
2020-02-03,999,1030,951,1000,953504,-0.00990099009900991
2020-02-04,1000,1035,1000,1020,455667,0.020000000000000018
2020-02-05,1025,1045,1010,1045,476132,0.02450980392156854
2020-02-06,1050,1050,1030,1040,376958,-0.004784688995215336
2020-02-07,1035,1035,1010,1020,396943,-0.019230769230769273
2020-02-10,1025,1025,1005,1020,325511,0.0
2020-02-11,1020,1030,1010,1020,242337,0.0
2020-02-12,1030,1030,1005,1025,414667,0.004901960784313708
2020-02-13,1025,1035,1015,1015,384584,-0.009756097560975618
2020-02-14,1010,1035,1010,1035,473543,0.019704433497536922
2020-02-17,1040,1045,1015,1030,318810,-0.004830917874396157
2020-02-18,1030,1035,1005,1010,376519,-0.01941747572815533
2020-02-19,1010,1020,991,1005,475668,-0.004950495049504955
2020-02-20,1005,1005,985,987,616518,-0.017910447761193993
2020-02-21,987,1040,971,985,1124227,-0.0020263424518743856
2020-02-24,974,975,900,901,1009894,-0.08527918781725885
2020-02-25,902,967,900,963,567589,0.06881243063263032
2020-02-26,963,965,943,965,323761,0.0020768431983384517
2020-02-27,956,965,900,919,330461,-0.04766839378238341
2020-02-28,905,926,842,850,687006,-0.07508161044613715
2020-03-02,876,876,811,868,310390,0.021176470588235352
2020-03-03,894,907,877,893,244991,0.02880184331797242
2020-03-04,900,926,888,916,197005,0.025755879059350395
2020-03-05,919,945,919,942,226409,0.028384279475982543
2020-03-06,933,1025,910,945,904665,0.0031847133757962887
2020-03-09,944,944,874,876,379902,-0.07301587301587298
2020-03-10,841,875,839,868,245785,-0.0091324200913242
2020-03-11,868,883,811,831,221944,-0.04262672811059909
2020-03-12,831,831,750,753,651427,-0.09386281588447654
2020-03-13,630,738,609,738,798039,-0.019920318725099584
2020-03-16,736,755,675,699,414643,-0.05284552845528456
2020-03-17,602,701,602,668,360348,-0.044349070100143106
2020-03-18,649,682,630,630,347313,-0.05688622754491013
2020-03-19,610,658,503,538,731684,-0.14603174603174607
2020-03-20,540,578,540,560,289626,0.040892193308550207
2020-03-23,520,543,503,514,365539,-0.08214285714285718
2020-03-24,520,571,520,542,940760,0.054474708171206254
2020-03-25,548,619,548,601,745454,0.10885608856088558
2020-03-26,630,635,590,618,415506,0.028286189683860208
2020-03-27,644,655,582,610,657037,-0.012944983818770184
2020-03-30,581,641,549,633,406381,0.03770491803278686
2020-03-31,667,667,637,652,449810,0.03001579778830954
2020-04-01,653,745,630,705,1344267,0.0812883435582823
2020-04-02,699,699,667,689,416653,-0.02269503546099294
2020-04-03,729,729,681,690,358202,0.0014513788098693414
2020-04-06,738,738,684,720,357035,0.04347826086956519
2020-04-07,730,789,722,768,942723,0.06666666666666665
2020-04-08,785,785,755,774,429662,0.0078125
2020-04-09,775,796,763,787,360373,0.01679586563307489
2020-04-10,804,804,732,775,286903,-0.015247776365946653
2020-04-13,771,773,740,742,337248,-0.04258064516129034
2020-04-14,745,765,745,758,199241,0.02156334231805923
2020-04-16,758,770,746,762,201385,0.005277044854881341
2020-04-17,762,838,762,818,1327609,0.0734908136482939
2020-04-20,821,843,816,822,449583,0.004889975550122161
2020-04-21,820,830,750,797,419594,-0.03041362530413627
2020-04-22,795,795,774,789,295731,-0.010037641154328703
2020-04-23,807,807,788,799,202827,0.012674271229404344
2020-04-24,809,813,789,791,353637,-0.010012515644555742
2020-04-27,800,800,770,797,159134,0.007585335018963413
2020-04-28,813,877,800,835,685221,0.04767879548306153
2020-04-29,845,845,810,815,283015,-0.0239520958083832
2020-05-04,814,814,755,774,489646,-0.05030674846625771
2020-05-06,774,822,774,808,442132,0.043927648578811374
2020-05-07,835,835,802,812,230905,0.004950495049504955
2020-05-08,812,883,810,843,725031,0.03817733990147776
2020-05-11,865,1095,865,959,30532457,0.1376037959667853
2020-05-12,990,1215,979,1080,29175222,0.12617309697601664
2020-05-13,1065,1070,1005,1025,3910556,-0.05092592592592593
2020-05-14,1010,1040,989,1040,3775315,0.014634146341463428
2020-05-15,1020,1030,993,1000,1772203,-0.038461538461538436
2020-05-18,992,1020,981,996,1550668,-0.0040000000000000036
2020-05-19,1005,1030,969,986,2574523,-0.010040160642570295
2020-05-20,988,1005,981,994,878790,0.008113590263691739
2020-05-21,1010,1040,984,1000,2711733,0.006036217303822866
2020-05-22,1005,1105,991,1010,8068637,0.010000000000000009
2020-05-25,1025,1065,1000,1055,4812049,0.044554455445544594
2020-05-26,1080,1080,1025,1030,1985696,-0.023696682464455
2020-05-27,1035,1100,1015,1065,6594187,0.03398058252427183
2020-05-28,1260,1380,1170,1315,62389459,0.23474178403755874
2020-05-29,1315,1320,1160,1190,13620866,-0.09505703422053235
2020-06-01,1150,1165,1110,1150,5333873,-0.03361344537815125
2020-06-02,1160,1215,1120,1175,6341361,0.021739130434782705
2020-06-03,1170,1175,1110,1115,3417827,-0.051063829787234005
2020-06-04,1115,1190,1095,1155,4579295,0.03587443946188351
2020-06-05,1145,1165,1125,1145,1775990,-0.008658008658008698
2020-06-08,1140,1145,1115,1130,1474021,-0.013100436681222738
2020-06-09,1125,1145,1100,1115,1721923,-0.013274336283185861
2020-06-10,1115,1115,1075,1095,1190291,-0.017937219730941756
2020-06-11,1100,1105,1050,1055,1456756,-0.0365296803652968
2020-06-12,992,1045,970,1045,1346701,-0.009478672985781977
2020-06-15,1055,1055,945,945,1701607,-0.09569377990430628
2020-06-16,953,1015,953,1005,1031522,0.06349206349206349
2020-06-17,999,1020,965,987,1031314,-0.017910447761193993
2020-06-18,987,1015,973,1005,651028,0.01823708206686936
2020-06-19,1005,1015,988,989,829376,-0.015920398009950265
2020-06-22,985,999,977,982,652135,-0.00707785642062686
2020-06-23,989,1075,970,999,3383388,0.01731160896130346
2020-06-24,1000,1010,987,992,593427,-0.00700700700700696
2020-06-25,990,1040,977,990,1122348,-0.0020161290322581182
2020-06-26,1000,1035,993,1005,990643,0.015151515151515138
2020-06-29,997,1050,989,1015,1037883,0.00995024875621886
2020-06-30,1055,1055,1000,1010,744407,-0.0049261083743842304
2020-07-01,1020,1020,987,990,677710,-0.01980198019801982
2020-07-02,988,1010,988,1000,589459,0.010101010101010166
2020-07-03,1000,1025,998,1005,596242,0.004999999999999893
2020-07-06,1005,1030,999,1020,575443,0.014925373134328401
2020-07-07,1030,1060,1015,1040,872899,0.019607843137254832
2020-07-08,1050,1050,998,1010,852414,-0.028846153846153855
2020-07-09,1010,1020,1000,1015,401273,0.004950495049504955
2020-07-10,1015,1025,992,998,615753,-0.016748768472906406
2020-07-13,1000,1010,997,1005,408948,0.007014028056112176
2020-07-14,1005,1010,995,1000,444398,-0.00497512437810943
2020-07-15,1000,1020,997,1020,559525,0.020000000000000018
2020-07-16,1030,1030,998,1010,385414,-0.009803921568627416
2020-07-17,1005,1015,1000,1010,373576,0.0
2020-07-20,1005,1015,997,1010,391625,0.0
2020-07-21,1010,1030,1000,1025,712748,0.014851485148514865
2020-07-22,1025,1030,1000,1025,538632,0.0
2020-07-23,1070,1080,1010,1020,3047468,-0.004878048780487809
2020-07-24,1015,1040,999,1025,1469242,0.004901960784313708
2020-07-27,1015,1025,1000,1005,704093,-0.019512195121951237
2020-07-28,1015,1025,1005,1015,577963,0.00995024875621886
2020-07-29,1020,1040,1000,1030,849004,0.014778325123152802
2020-07-30,1035,1115,1030,1040,3789340,0.009708737864077666
2020-07-31,1050,1075,1025,1030,1250054,-0.009615384615384581
2020-08-03,1035,1065,1025,1040,874449,0.009708737864077666
2020-08-04,1040,1090,1030,1080,2170364,0.03846153846153855
2020-08-05,1085,1090,1050,1060,991508,-0.01851851851851849
2020-08-06,1065,1095,1050,1075,1185277,0.014150943396226356
2020-08-07,1090,1090,1040,1055,783183,-0.018604651162790753
2020-08-10,1055,1055,1025,1035,610227,-0.018957345971563955
2020-08-11,1035,1060,1030,1040,606623,0.004830917874396157
2020-08-12,1040,1045,1005,1010,738157,-0.028846153846153855
2020-08-13,1015,1310,1010,1310,33029520,0.29702970297029707
2020-08-14,1250,1265,1125,1140,18911837,-0.1297709923664122
2020-08-18,1160,1235,1060,1080,13261518,-0.052631578947368474
2020-08-19,1110,1180,1075,1125,4641919,0.04166666666666674
2020-08-20,1115,1115,1010,1030,4129713,-0.08444444444444443
2020-08-21,1030,1050,1010,1035,1759402,0.004854368932038833
2020-08-24,1040,1070,1015,1060,1668287,0.024154589371980784
2020-08-25,1070,1325,1060,1235,31268071,0.16509433962264142
2020-08-26,1235,1295,1195,1265,7702100,0.02429149797570851
2020-08-27,1260,1265,1175,1210,3833747,-0.04347826086956519
2020-08-28,1210,1320,1185,1230,7074067,0.016528925619834656
2020-08-31,1235,1320,1190,1205,4157920,-0.020325203252032575
2020-09-01,1200,1235,1185,1210,1991598,0.004149377593360981
2020-09-02,1225,1495,1225,1445,24992395,0.19421487603305776
2020-09-03,1440,1440,1335,1340,7036001,-0.0726643598615917
2020-09-04,1280,1370,1265,1330,3987834,-0.007462686567164201
2020-09-07,1320,1425,1290,1350,6330719,0.015037593984962516
2020-09-08,1350,1430,1305,1320,4862381,-0.022222222222222254
2020-09-09,1280,1350,1280,1315,2629972,-0.0037878787878787845
2020-09-10,1360,1490,1310,1400,10892968,0.06463878326996197
2020-09-11,1415,1470,1375,1395,3766209,-0.0035714285714285587
2020-09-14,1400,1530,1395,1420,6241183,0.017921146953405076
2020-09-15,1430,1470,1390,1450,2785645,0.021126760563380254
2020-09-16,1440,1470,1365,1395,2445666,-0.037931034482758585
2020-09-17,1415,1490,1385,1405,4063353,0.007168458781362075
2020-09-18,1405,1430,1345,1360,1550107,-0.03202846975088969
2020-09-21,1360,1405,1300,1340,1762034,-0.014705882352941124
2020-09-22,1355,1355,1230,1270,2467050,-0.052238805970149294
2020-09-23,1270,1280,1190,1230,1567138,-0.03149606299212604
2020-09-24,1185,1235,1170,1190,1166430,-0.03252032520325199
2020-09-25,1205,1235,1175,1210,797859,0.01680672268907557
2020-09-28,1260,1295,1240,1285,1349778,0.06198347107438007
2020-09-29,1290,1350,1275,1325,1137723,0.03112840466926059
2020-10-05,1325,1360,1320,1335,651737,0.007547169811320753
2020-10-06,1360,1370,1305,1355,1111647,0.014981273408239737
2020-10-07,1360,1450,1340,1425,5167056,0.05166051660516602
2020-10-08,1370,1410,1360,1385,1723625,-0.028070175438596467
2020-10-12,1390,1410,1370,1385,1307587,0.0
2020-10-13,1395,1400,1360,1395,884554,0.0072202166064982976
2020-10-14,1405,1405,1330,1355,1143245,-0.028673835125448077
2020-10-15,1355,1355,1290,1315,886715,-0.029520295202952074
2020-10-16,1315,1415,1305,1325,4068743,0.0076045627376426506
2020-10-19,1340,1370,1300,1320,1008411,-0.0037735849056603765
2020-10-20,1300,1335,1270,1290,824685,-0.022727272727272707
2020-10-21,1295,1315,1280,1315,505480,0.019379844961240345
2020-10-22,1305,1305,1220,1225,1715735,-0.0684410646387833
2020-10-23,1235,1250,1210,1235,368437,0.008163265306122547
2020-10-26,1225,1230,1150,1170,793138,-0.052631578947368474
2020-10-27,1165,1205,1125,1190,515268,0.017094017094017033
2020-10-28,1200,1240,1175,1240,402367,0.04201680672268915
2020-10-29,1200,1240,1185,1225,412723,-0.012096774193548376
2020-10-30,1215,1235,1185,1190,349082,-0.02857142857142858
2020-11-02,1190,1230,1190,1230,277925,0.03361344537815136
2020-11-03,1240,1280,1230,1280,675742,0.04065040650406515
2020-11-04,1285,1290,1250,1270,534271,-0.0078125
2020-11-05,1265,1310,1260,1295,440259,0.019685039370078705
2020-11-06,1310,1310,1250,1265,468239,-0.02316602316602312
2020-11-09,1270,1340,1270,1335,1027909,0.05533596837944654
2020-11-10,1330,1350,1275,1300,843925,-0.02621722846441943
2020-11-11,1305,1310,1260,1295,690158,-0.0038461538461538325
2020-11-12,1320,1385,1300,1330,2376113,0.027027027027026973
2020-11-13,1345,1360,1320,1355,988356,0.018796992481203034
2020-11-16,1385,1390,1310,1320,924888,-0.02583025830258301
2020-11-17,1340,1340,1260,1270,943062,-0.037878787878787845
2020-11-18,1270,1300,1255,1285,802965,0.011811023622047223
2020-11-19,1280,1285,1255,1270,579043,-0.011673151750972721
2020-11-20,1280,1300,1270,1295,527929,0.019685039370078705
2020-11-23,1295,1295,1255,1265,838528,-0.02316602316602312
2020-11-24,1275,1345,1265,1335,1993715,0.05533596837944654
2020-11-25,1325,1340,1300,1310,827765,-0.01872659176029967
2020-11-26,1310,1345,1310,1345,881840,0.026717557251908497
2020-11-27,1350,1445,1340,1415,4692769,0.052044609665427455
2020-11-30,1480,1500,1405,1420,4206700,0.0035335689045936647
2020-12-01,1415,1575,1405,1490,15198177,0.04929577464788726
2020-12-02,1485,1520,1445,1490,2902734,0.0
2020-12-03,1490,1490,1450,1450,1425655,-0.02684563758389258
2020-12-04,1450,1460,1400,1445,1542112,-0.0034482758620689724
2020-12-07,1425,1440,1380,1400,1504458,-0.03114186851211076
2020-12-08,1385,1420,1365,1375,1067938,-0.017857142857142905
2020-12-09,1385,1440,1375,1400,1437451,0.018181818181818077
2020-12-10,1395,1420,1380,1400,602775,0.0
2020-12-11,1395,1420,1370,1380,1091649,-0.014285714285714235
2020-12-14,1380,1380,1340,1350,823188,-0.021739130434782594
2020-12-15,1330,1360,1305,1360,1504873,0.007407407407407307
2020-12-16,1370,1435,1340,1425,1894181,0.047794117647058876
2020-12-17,1410,1435,1380,1380,866815,-0.03157894736842104
2020-12-18,1395,1405,1360,1400,773406,0.01449275362318847
2020-12-21,1390,1390,1335,1340,1169822,-0.042857142857142816
2020-12-22,1320,1345,1280,1280,1263241,-0.04477611940298509
2020-12-23,1285,1305,1245,1260,1057092,-0.015625
2020-12-24,1265,1290,1240,1290,471419,0.023809523809523725
2020-12-28,1290,1290,1245,1255,537030,-0.027131782945736482
2020-12-29,1250,1295,1250,1290,325504,0.027888446215139417
2020-12-30,1290,1330,1280,1320,451960,0.023255813953488413
2021-01-04,1340,1345,1300,1320,566732,0.0
2021-01-05,1330,1330,1275,1300,871244,-0.015151515151515138
2021-01-06,1290,1320,1280,1290,798964,-0.007692307692307665
2021-01-07,1295,1350,1280,1330,999265,0.03100775193798455
2021-01-08,1340,1345,1270,1285,954660,-0.03383458646616544
2021-01-11,1285,1285,1200,1235,1212571,-0.03891050583657585
2021-01-12,1245,1250,1205,1210,635137,-0.020242914979757054
2021-01-13,1215,1245,1205,1240,445769,0.024793388429751984
2021-01-14,1230,1275,1230,1265,459447,0.02016129032258074
2021-01-15,1265,1275,1225,1235,527208,-0.02371541501976282
2021-01-18,1240,1240,1190,1210,663371,-0.020242914979757054
2021-01-19,1210,1470,1195,1245,8922795,0.02892561983471076
2021-01-20,1250,1285,1230,1265,900053,0.016064257028112428
2021-01-21,1265,1300,1260,1285,1020218,0.015810276679841806
2021-01-22,1280,1285,1250,1260,649782,-0.01945525291828798
2021-01-25,1265,1330,1265,1310,1140497,0.039682539682539764
2021-01-26,1320,1325,1280,1310,649969,0.0
2021-01-27,1320,1365,1290,1320,1868049,0.007633587786259444
2021-01-28,1275,1295,1255,1280,915792,-0.030303030303030276
2021-01-29,1310,1310,1215,1235,1044478,-0.03515625
2021-02-01,1230,1255,1210,1250,316371,0.012145748987854255
2021-02-02,1460,1460,1300,1350,6726101,0.08000000000000007
2021-02-03,1350,1420,1340,1415,3401307,0.04814814814814805
2021-02-04,1420,1520,1410,1485,4608210,0.04946996466431086
2021-02-05,1460,1510,1420,1460,2304951,-0.01683501683501687
2021-02-08,1465,1585,1430,1530,3759141,0.047945205479452024
2021-02-09,1530,1615,1525,1555,4319595,0.016339869281045694
2021-02-10,1555,2015,1550,1890,45839728,0.21543408360128624
2021-02-15,1985,2300,1900,1915,35699734,0.013227513227513255
2021-02-16,1900,2005,1800,2000,12937299,0.044386422976501416
2021-02-17,1935,2005,1935,2005,1938747,0.0024999999999999467
2021-02-18,1995,1995,1960,1975,1072806,-0.014962593516209433
2021-02-19,1995,2060,1995,2030,2336010,0.02784810126582271
2021-02-22,2050,2070,1905,1910,3755339,-0.059113300492610876
2021-02-23,1870,2030,1780,2000,5623606,0.04712041884816753
2021-02-24,1995,2020,1815,1820,2716722,-0.08999999999999997
2021-02-25,1870,1920,1815,1840,1697425,0.01098901098901095
2021-02-26,1775,1860,1750,1825,1440159,-0.008152173913043459
2021-03-02,1880,1945,1815,1835,1530946,0.005479452054794498
2021-03-03,1830,1850,1780,1820,880567,-0.008174386920980936
2021-03-04,1805,1880,1755,1875,1087595,0.030219780219780112
2021-03-05,1845,1855,1785,1810,823200,-0.03466666666666662
2021-03-08,1830,1830,1670,1730,1551153,-0.04419889502762431
2021-03-09,1705,1780,1615,1660,2562548,-0.040462427745664775
2021-03-10,1710,1710,1615,1630,771785,-0.01807228915662651
2021-03-11,1630,1735,1615,1700,816224,0.042944785276073594
2021-03-12,1715,1765,1695,1710,1232817,0.00588235294117645
2021-03-15,1715,1970,1710,1810,5926077,0.0584795321637428
2021-03-16,1790,1825,1755,1790,1285245,-0.011049723756906049
2021-03-17,1770,1815,1735,1785,916112,-0.0027932960893854997
2021-03-18,1785,1815,1760,1770,572633,-0.008403361344537785
2021-03-19,1745,1840,1705,1800,787302,0.016949152542372836
2021-03-22,1820,1875,1790,1835,1058595,0.019444444444444375
2021-03-23,1835,1835,1740,1755,759854,-0.043596730245231585
2021-03-24,1720,1795,1715,1775,533705,0.01139601139601143
2021-03-25,1770,1780,1730,1750,606079,-0.014084507042253502
2021-03-26,1755,1765,1705,1760,636158,0.005714285714285783
2021-03-29,1760,1775,1735,1760,470343,0.0
2021-03-30,1785,1870,1760,1840,1556857,0.045454545454545414
2021-03-31,1855,1890,1795,1835,1374280,-0.0027173913043477826
2021-04-01,1855,1860,1805,1850,995375,0.008174386920980936
2021-04-02,1860,1865,1770,1770,1045436,-0.043243243243243246
2021-04-05,1765,1785,1705,1760,743327,-0.005649717514124242
2021-04-06,1760,1810,1755,1800,548275,0.022727272727272707
2021-04-07,1800,1805,1765,1770,509194,-0.01666666666666672
2021-04-08,1770,1795,1740,1750,474083,-0.011299435028248594
2021-04-09,1760,1820,1735,1805,1101237,0.03142857142857136
2021-04-12,1830,1960,1810,1940,3968144,0.07479224376731297
2021-04-13,1940,2040,1900,1945,4351992,0.002577319587628857
2021-04-14,1995,2080,1930,2020,4569186,0.03856041131105403
2021-04-15,2040,2040,1945,1950,1458189,-0.034653465346534684
2021-04-16,1940,1965,1905,1965,886122,0.007692307692307665
2021-04-19,1985,1990,1900,1920,963549,-0.022900763358778664
2021-04-20,1920,1940,1855,1925,878815,0.0026041666666667407
2021-04-21,1900,1925,1870,1875,655112,-0.025974025974025983
2021-04-22,1900,1945,1860,1885,981277,0.005333333333333412
2021-04-23,1885,1885,1815,1855,750193,-0.01591511936339518
2021-04-26,1850,1890,1830,1855,553759,0.0
2021-04-27,1870,1910,1830,1835,822690,-0.010781671159029615
2021-04-28,1830,1835,1765,1770,789738,-0.03542234332425065
2021-04-29,1750,1810,1745,1770,446642,0.0
2021-04-30,1790,1805,1710,1755,428562,-0.008474576271186418
2021-05-03,1745,1780,1705,1720,349918,-0.019943019943019946
2021-05-04,1720,1750,1650,1735,737843,0.008720930232558155
2021-05-06,1705,1760,1705,1735,243990,0.0
2021-05-07,1735,1755,1675,1700,958981,-0.02017291066282423
2021-05-10,1705,1720,1685,1700,528836,0.0
2021-05-11,1690,1700,1675,1700,319130,0.0
2021-05-12,1700,1715,1630,1655,763707,-0.026470588235294135
2021-05-13,1620,1695,1600,1670,681897,0.009063444108761365
2021-05-14,1685,1705,1655,1670,233113,0.0
2021-05-17,1685,1690,1550,1590,1000910,-0.04790419161676651
2021-05-18,1605,1605,1550,1555,560713,-0.022012578616352196
2021-05-20,1555,1635,1525,1610,758214,0.03536977491961424
2021-05-21,1615,1650,1575,1605,587607,-0.0031055900621117516
2021-05-24,1605,1625,1590,1610,356903,0.0031152647975076775
2021-05-25,1600,1680,1600,1660,579399,0.03105590062111796
2021-05-26,1660,1685,1645,1660,313553,0.0
2021-05-27,1750,1800,1720,1760,2283061,0.06024096385542177
2021-05-28,1750,1810,1740,1775,579896,0.008522727272727293
2021-05-31,1805,1805,1740,1770,518056,-0.0028169014084507005
2021-06-01,1790,1820,1755,1820,601998,0.02824858757062154
2021-06-02,1830,2010,1810,1955,5607163,0.07417582417582413
2021-06-03,1955,1970,1905,1925,1313337,-0.01534526854219953
2021-06-04,1915,2165,1915,2100,9633830,0.09090909090909083
2021-06-07,2140,2240,2065,2135,5763883,0.016666666666666607
2021-06-08,2115,2125,2040,2080,1687772,-0.025761124121779888
2021-06-09,2080,2120,2025,2060,1503806,-0.009615384615384581
2021-06-10,2060,2140,2025,2035,1493214,-0.012135922330097082
2021-06-11,2035,2360,2030,2200,17858197,0.08108108108108114
2021-06-14,2200,2215,2120,2135,2723139,-0.02954545454545454
2021-06-15,2135,2295,2120,2165,5115789,0.014051522248243575
2021-06-16,2135,2140,2035,2085,2227977,-0.036951501154734445
2021-06-17,2060,2170,2055,2130,1532736,0.021582733812949728
2021-06-18,2135,2185,2105,2125,1382179,-0.0023474178403756207
2021-06-21,2105,2245,2080,2220,3762046,0.04470588235294115
2021-06-22,2340,2885,2270,2665,72716922,0.2004504504504505
2021-06-23,2635,2735,2575,2705,9960031,0.015009380863039379
2021-06-24,2645,2655,2510,2555,3976531,-0.055452865064695045
2021-06-25,2530,2635,2480,2520,4085601,-0.013698630136986356
2021-06-28,2475,2530,2440,2480,2136068,-0.015873015873015928
2021-06-29,2475,2555,2455,2550,3367925,0.02822580645161299
2021-06-30,2550,2560,2485,2485,1802878,-0.025490196078431393
2021-07-01,2490,2500,2405,2440,1759666,-0.01810865191146882
2021-07-02,2440,2500,2410,2480,1285169,0.016393442622950838
2021-07-05,2485,2680,2480,2535,11016509,0.022177419354838745
2021-07-06,2550,2580,2480,2575,1984797,0.015779092702169706
2021-07-07,2575,2585,2505,2530,1392484,-0.01747572815533982
2021-07-08,2540,2565,2435,2485,1236059,-0.017786561264822143
2021-07-09,2480,2515,2385,2470,1628965,-0.006036217303822977
2021-07-12,2480,2570,2475,2555,1821010,0.03441295546558698
2021-07-13,2520,2585,2475,2560,2981282,0.001956947162426559
2021-07-14,2575,2575,2505,2550,1307716,-0.00390625
2021-07-15,2550,2625,2520,2595,2534066,0.01764705882352935
2021-07-16,2580,2585,2515,2525,1126298,-0.026974951830443183
2021-07-19,2540,2690,2535,2565,9023521,0.015841584158415856
2021-07-20,2485,2520,2420,2465,2456877,-0.03898635477582846
2021-07-21,2470,2490,2335,2405,2395647,-0.024340770791075106
2021-07-22,2405,2450,2320,2320,1100248,-0.03534303534303529
2021-07-23,2320,2410,2320,2360,779708,0.01724137931034475
2021-07-26,2360,2390,2290,2300,781805,-0.025423728813559365
2021-07-27,2265,2390,2265,2360,729143,0.026086956521739202
2021-07-28,2350,2380,2300,2320,554930,-0.016949152542372836
2021-07-29,2310,2335,2290,2335,557298,0.006465517241379226
2021-07-30,2345,2430,2325,2390,1477643,0.023554603854389677
2021-08-02,2390,2390,2340,2345,425616,-0.01882845188284521
2021-08-03,2345,2370,2290,2300,551057,-0.019189765458422214
2021-08-04,2285,2365,2285,2360,405077,0.026086956521739202
2021-08-05,2365,2410,2325,2365,461734,0.0021186440677967155
2021-08-06,2395,2395,2320,2355,394008,-0.0042283298097252064
2021-08-09,2355,2400,2330,2360,574981,0.002123142250530785
2021-08-10,2350,2375,2285,2335,535884,-0.010593220338983023
2021-08-11,2305,2335,2285,2295,386855,-0.017130620985010725
2021-08-12,2295,2370,2285,2320,519621,0.01089324618736387
2021-08-13,2310,2340,2090,2140,2386468,-0.07758620689655171
2021-08-17,2190,2190,2010,2100,1106771,-0.01869158878504673
2021-08-18,2080,2150,2040,2110,785186,0.004761904761904745
2021-08-19,2055,2185,2030,2045,791056,-0.03080568720379151
2021-08-20,2050,2090,1920,1970,1053724,-0.03667481662591687
2021-08-23,1970,2055,1900,1990,657672,0.010152284263959421
2021-08-24,2020,2140,2020,2100,630312,0.055276381909547645
2021-08-25,2150,2175,2085,2140,475921,0.01904761904761898
2021-08-26,2210,2500,2210,2245,14716774,0.0490654205607477
2021-08-27,2210,2310,2185,2275,1439834,0.013363028953229383
2021-08-30,2260,2325,2200,2200,1030052,-0.03296703296703296
2021-08-31,2195,2235,2170,2205,533089,0.002272727272727204
2021-09-01,2185,2230,2175,2210,444942,0.0022675736961450532
2021-09-02,2225,2230,2185,2230,300983,0.009049773755656076
2021-09-03,2250,2250,2210,2220,307434,-0.004484304932735439
2021-09-06,2250,2340,2215,2340,1100884,0.054054054054053946
2021-09-07,2320,2350,2285,2340,684852,0.0
2021-09-08,2345,2345,2285,2295,589980,-0.019230769230769273
2021-09-09,2285,2325,2250,2285,359768,-0.004357298474945481
2021-09-10,2305,2330,2250,2305,466563,0.00875273522975939
2021-09-13,2340,2340,2280,2305,597683,0.0
2021-09-14,2305,2450,2280,2450,3250961,0.06290672451193058
2021-09-15,2405,2435,2370,2425,1649159,-0.010204081632653073
2021-09-16,2410,2550,2360,2430,4121265,0.0020618556701030855
2021-09-17,2420,2495,2380,2450,1573043,0.008230452674897082
2021-09-23,2400,2445,2350,2385,1114405,-0.026530612244897944
2021-09-24,2390,2405,2300,2330,831571,-0.023060796645702264
2021-09-27,2330,2350,2265,2310,573531,-0.008583690987124415
2021-09-28,2310,2540,2285,2355,5810845,0.01948051948051943
2021-09-29,2300,2330,2255,2295,681329,-0.02547770700636942
2021-09-30,2295,2330,2230,2250,818184,-0.019607843137254943
